Models of:

          -Baraffe, Chabrier, Allard, Hauschildt, 1998, A&A, 337, 403
"Evolutionary models for solar metallicity low-mass stars: mass-magnitude
relationships and color-magnitude diagrams"

          -Baraffe, Chabrier, Allard, Hauschildt, 2001,  A&A, accepted
"Evolutionary models for low-mass stars and brown dwarfs: uncertainties and
limits at very young ages"

NOTE 1: the atmosphere models used are GRAINLESS and do not extend
      below Teff < 1700K


m: mass in Msun
g --> log g
log L ---> log L/Lsun
absolute magnitudes VRI in Cousins System of Bessell
                    JHK  in CIT-system
                    L' in Johnson-Glass - M in Johnson system


[M/H]=0  Y=0.275  L_mix = 1.5 H_P

  log t (yr) = 6.0
--------------------------------------------------------------------------------
 m      Teff     g    log L   Mv     Mr     Mi     Mj     Mh     Mk     Ml'     Mm
--------------------------------------------------------------------------------
 0.600 3664.  3.583  -0.16   7.20   6.38   4.89   3.22   2.47   2.33   2.26   2.52
 0.700 3763.  3.603  -0.07   6.76   6.00   4.57   3.01   2.29   2.16   2.10   2.36
 0.750 3812.  3.608  -0.02   6.54   5.81   4.42   2.90   2.19   2.07   2.02   2.29
 0.800 3864.  3.620   0.02   6.33   5.63   4.28   2.82   2.12   2.01   1.96   2.23
 0.850 3936.  3.627   0.07   5.90   5.18   4.06   2.77   2.09   1.98   1.93   2.17
 0.900 4055.  3.645   0.13   5.27   4.52   3.77   2.76   2.12   2.01   1.96   2.14
 0.950 4142.  3.659   0.17   5.05   4.31   3.63   2.68   2.06   1.96   1.91   2.08
 1.000 4212.  3.664   0.22   4.84   4.12   3.49   2.58   1.98   1.89   1.85   2.02
 1.050 4253.  3.668   0.25   4.73   4.01   3.40   2.52   1.93   1.84   1.80   1.96
 1.100 4292.  3.670   0.29   4.60   3.90   3.31   2.44   1.86   1.78   1.74   1.90
 1.150 4329.  3.671   0.32   4.49   3.80   3.22   2.37   1.81   1.72   1.68   1.84
 1.200 4364.  3.673   0.35   4.38   3.70   3.14   2.31   1.75   1.67   1.63   1.79
 1.300 4430.  3.679   0.41   4.19   3.53   3.00   2.19   1.65   1.58   1.54   1.70
 1.400 4492.  3.681   0.46   4.01   3.37   2.86   2.08   1.56   1.49   1.46   1.60
--------------------------------------------------------------------------------



  log t (yr) = 6.1
--------------------------------------------------------------------------------
 m      Teff     g    log L   Mv     Mr     Mi     Mj     Mh     Mk     Ml'     Mm
--------------------------------------------------------------------------------
 0.600 3672.  3.645  -0.22   7.29   6.48   5.01   3.38   2.63   2.49   2.41   2.66
 0.700 3767.  3.660  -0.13   6.86   6.10   4.70   3.16   2.43   2.30   2.24   2.50
 0.750 3816.  3.666  -0.08   6.64   5.91   4.54   3.05   2.34   2.22   2.16   2.43
 0.800 3866.  3.673  -0.04   6.43   5.72   4.40   2.96   2.26   2.14   2.09   2.36
 0.850 3946.  3.685   0.01   5.96   5.23   4.16   2.92   2.24   2.13   2.08   2.31
 0.900 4056.  3.703   0.07   5.45   4.69   3.91   2.89   2.24   2.14   2.09   2.27
 0.950 4133.  3.716   0.11   5.24   4.50   3.79   2.82   2.19   2.09   2.04   2.22
 1.000 4202.  3.726   0.15   5.05   4.32   3.66   2.74   2.13   2.03   1.99   2.16
 1.050 4244.  3.726   0.19   4.91   4.19   3.56   2.66   2.06   1.97   1.93   2.10
 1.100 4284.  3.732   0.22   4.80   4.09   3.48   2.59   2.01   1.92   1.88   2.05
 1.150 4322.  3.734   0.25   4.68   3.98   3.39   2.52   1.95   1.86   1.83   1.99
 1.200 4357.  3.735   0.28   4.57   3.88   3.31   2.46   1.89   1.81   1.77   1.94
 1.300 4425.  3.741   0.34   4.37   3.70   3.16   2.34   1.79   1.71   1.68   1.84
 1.400 4490.  3.743   0.40   4.19   3.54   3.02   2.22   1.70   1.62   1.59   1.75
--------------------------------------------------------------------------------



  log t (yr) = 6.2
--------------------------------------------------------------------------------
 m      Teff     g    log L   Mv     Mr     Mi     Mj     Mh     Mk     Ml'     Mm
--------------------------------------------------------------------------------
 0.600 3676.  3.706  -0.28   7.40   6.58   5.13   3.53   2.79   2.65   2.56   2.81
 0.700 3770.  3.717  -0.18   6.97   6.20   4.82   3.30   2.58   2.45   2.39   2.64
 0.750 3819.  3.728  -0.14   6.76   6.02   4.68   3.21   2.50   2.38   2.32   2.58
 0.800 3870.  3.735  -0.10   6.55   5.83   4.54   3.12   2.42   2.30   2.25   2.51
 0.850 3958.  3.747  -0.04   6.05   5.30   4.28   3.08   2.40   2.29   2.24   2.46
 0.900 4057.  3.765   0.01   5.64   4.87   4.08   3.04   2.38   2.28   2.23   2.41
 0.950 4126.  3.779   0.05   5.45   4.70   3.96   2.97   2.33   2.23   2.18   2.37
 1.000 4189.  3.783   0.09   5.25   4.51   3.83   2.88   2.26   2.16   2.12   2.30
 1.050 4234.  3.788   0.12   5.11   4.39   3.73   2.81   2.20   2.11   2.07   2.25
 1.100 4275.  3.794   0.16   5.00   4.28   3.65   2.74   2.15   2.06   2.02   2.20
 1.150 4313.  3.796   0.19   4.88   4.17   3.56   2.68   2.09   2.00   1.97   2.14
 1.200 4350.  3.798   0.22   4.76   4.07   3.48   2.61   2.03   1.95   1.92   2.09
 1.300 4421.  3.803   0.28   4.56   3.88   3.32   2.49   1.93   1.85   1.82   1.99
 1.400 4490.  3.806   0.33   4.36   3.71   3.17   2.37   1.83   1.76   1.73   1.90
--------------------------------------------------------------------------------



  log t (yr) = 6.3
--------------------------------------------------------------------------------
 m      Teff     g    log L   Mv     Mr     Mi     Mj     Mh     Mk     Ml'     Mm
--------------------------------------------------------------------------------
 0.600 3680.  3.767  -0.34   7.51   6.68   5.26   3.69   2.95   2.80   2.72   2.96
 0.700 3771.  3.779  -0.24   7.09   6.31   4.96   3.47   2.74   2.61   2.54   2.79
 0.750 3820.  3.785  -0.20   6.88   6.12   4.81   3.36   2.65   2.52   2.47   2.72
 0.800 3872.  3.792  -0.15   6.66   5.93   4.67   3.27   2.56   2.44   2.40   2.65
 0.850 3966.  3.809  -0.10   6.17   5.41   4.42   3.23   2.55   2.44   2.39   2.60
 0.900 4056.  3.827  -0.06   5.83   5.06   4.24   3.18   2.52   2.41   2.37   2.56
 0.950 4120.  3.836  -0.01   5.63   4.88   4.12   3.10   2.46   2.36   2.31   2.50
 1.000 4177.  3.845   0.02   5.46   4.72   4.00   3.03   2.40   2.30   2.26   2.45
 1.050 4225.  3.850   0.06   5.32   4.58   3.90   2.96   2.34   2.25   2.21   2.39
 1.100 4266.  3.856   0.09   5.20   4.47   3.82   2.90   2.29   2.20   2.16   2.35
 1.150 4305.  3.858   0.12   5.07   4.36   3.73   2.83   2.23   2.14   2.11   2.29
 1.200 4343.  3.860   0.15   4.96   4.25   3.64   2.76   2.18   2.09   2.06   2.24
 1.300 4418.  3.861   0.22   4.73   4.04   3.47   2.63   2.06   1.98   1.95   2.13
 1.400 4492.  3.866   0.27   4.53   3.86   3.32   2.51   1.97   1.89   1.87   2.04
--------------------------------------------------------------------------------



  log t (yr) = 6.4
--------------------------------------------------------------------------------
 m      Teff     g    log L   Mv     Mr     Mi     Mj     Mh     Mk     Ml'     Mm
--------------------------------------------------------------------------------
 0.600 3681.  3.828  -0.40   7.62   6.79   5.39   3.85   3.11   2.96   2.87   3.11
 0.700 3771.  3.840  -0.30   7.21   6.42   5.10   3.63   2.90   2.76   2.70   2.94
 0.750 3819.  3.846  -0.26   7.00   6.24   4.95   3.52   2.80   2.68   2.62   2.87
 0.800 3871.  3.853  -0.21   6.79   6.05   4.81   3.43   2.72   2.60   2.55   2.80
 0.850 3968.  3.871  -0.16   6.33   5.57   4.57   3.38   2.70   2.58   2.53   2.75
 0.900 4053.  3.889  -0.12   6.02   5.26   4.40   3.33   2.66   2.55   2.51   2.70
 0.950 4113.  3.898  -0.08   5.84   5.08   4.29   3.25   2.60   2.50   2.45   2.65
 1.000 4167.  3.907  -0.04   5.67   4.92   4.18   3.18   2.55   2.44   2.40   2.60
 1.050 4216.  3.912  -0.01   5.52   4.78   4.07   3.11   2.48   2.39   2.35   2.54
 1.100 4259.  3.914   0.03   5.38   4.65   3.97   3.04   2.42   2.33   2.29   2.48
 1.150 4299.  3.920   0.06   5.27   4.54   3.89   2.98   2.37   2.28   2.25   2.44
 1.200 4339.  3.922   0.09   5.14   4.43   3.80   2.91   2.32   2.23   2.19   2.38
 1.300 4418.  3.925   0.15   4.91   4.21   3.63   2.78   2.21   2.12   2.09   2.28
 1.400 4499.  3.925   0.22   4.69   4.01   3.47   2.65   2.10   2.02   2.00   2.18
--------------------------------------------------------------------------------



  log t (yr) = 6.5
--------------------------------------------------------------------------------
 m      Teff     g    log L   Mv     Mr     Mi     Mj     Mh     Mk     Ml'     Mm
--------------------------------------------------------------------------------
 0.600 3680.  3.894  -0.47   7.75   6.91   5.54   4.02   3.28   3.13   3.04   3.27
 0.700 3769.  3.905  -0.37   7.35   6.55   5.25   3.80   3.07   2.93   2.87   3.10
 0.750 3817.  3.912  -0.33   7.15   6.37   5.11   3.70   2.98   2.85   2.79   3.03
 0.800 3868.  3.919  -0.28   6.94   6.18   4.96   3.61   2.89   2.77   2.72   2.96
 0.850 3962.  3.932  -0.23   6.52   5.76   4.74   3.53   2.84   2.73   2.68   2.89
 0.900 4049.  3.950  -0.18   6.22   5.45   4.57   3.48   2.80   2.69   2.64   2.84
 0.950 4105.  3.964  -0.15   6.06   5.30   4.47   3.41   2.75   2.65   2.60   2.80
 1.000 4157.  3.969  -0.11   5.88   5.13   4.35   3.33   2.69   2.58   2.54   2.74
 1.050 4206.  3.974  -0.07   5.72   4.97   4.24   3.26   2.63   2.53   2.49   2.69
 1.100 4253.  3.976  -0.03   5.57   4.84   4.14   3.18   2.56   2.46   2.43   2.63
 1.150 4296.  3.980   0.00   5.45   4.72   4.05   3.12   2.51   2.41   2.38   2.58
 1.200 4339.  3.980   0.03   5.31   4.59   3.95   3.05   2.44   2.36   2.32   2.52
 1.300 4426.  3.983   0.10   5.06   4.35   3.77   2.91   2.33   2.25   2.22   2.41
 1.400 4518.  3.982   0.17   4.81   4.14   3.59   2.77   2.22   2.14   2.12   2.30
--------------------------------------------------------------------------------



  log t (yr) = 6.6
--------------------------------------------------------------------------------
 m      Teff     g    log L   Mv     Mr     Mi     Mj     Mh     Mk     Ml'     Mm
--------------------------------------------------------------------------------
 0.600 3677.  3.959  -0.53   7.89   7.03   5.69   4.19   3.46   3.30   3.21   3.43
 0.700 3765.  3.966  -0.43   7.48   6.67   5.39   3.96   3.23   3.09   3.02   3.25
 0.750 3812.  3.973  -0.39   7.29   6.49   5.25   3.86   3.14   3.01   2.95   3.18
 0.800 3865.  3.980  -0.34   7.08   6.30   5.11   3.77   3.05   2.93   2.88   3.11
 0.850 3950.  3.997  -0.30   6.75   5.98   4.93   3.70   3.00   2.88   2.83   3.05
 0.900 4041.  4.016  -0.25   6.43   5.66   4.75   3.64   2.96   2.85   2.80   3.00
 0.950 4097.  4.025  -0.21   6.25   5.49   4.63   3.57   2.90   2.79   2.75   2.95
 1.000 4150.  4.031  -0.17   6.07   5.31   4.52   3.49   2.84   2.73   2.69   2.89
 1.050 4201.  4.035  -0.14   5.89   5.14   4.40   3.41   2.77   2.67   2.63   2.84
 1.100 4252.  4.038  -0.10   5.74   5.00   4.30   3.34   2.71   2.61   2.58   2.78
 1.150 4301.  4.036  -0.06   5.59   4.85   4.19   3.25   2.64   2.55   2.51   2.71
 1.200 4349.  4.038  -0.02   5.44   4.72   4.08   3.18   2.58   2.49   2.46   2.66
 1.300 4447.  4.038   0.05   5.17   4.46   3.89   3.03   2.46   2.38   2.35   2.54
 1.400 4552.  4.036   0.13   4.89   4.22   3.69   2.88   2.33   2.26   2.24   2.42
--------------------------------------------------------------------------------



  log t (yr) = 6.7
--------------------------------------------------------------------------------
 m      Teff     g    log L   Mv     Mr     Mi     Mj     Mh     Mk     Ml'     Mm
--------------------------------------------------------------------------------
 0.600 3677.  4.023  -0.60   8.01   7.15   5.83   4.36   3.63   3.48   3.37   3.59
 0.700 3767.  4.031  -0.50   7.61   6.79   5.54   4.13   3.40   3.26   3.19   3.41
 0.750 3816.  4.038  -0.45   7.41   6.61   5.39   4.03   3.31   3.18   3.11   3.34
 0.800 3868.  4.045  -0.41   7.20   6.42   5.25   3.94   3.22   3.10   3.04   3.27
 0.850 3947.  4.058  -0.36   6.90   6.13   5.08   3.86   3.16   3.04   2.99   3.20
 0.900 4034.  4.077  -0.32   6.60   5.83   4.91   3.80   3.12   3.00   2.95   3.15
 0.950 4092.  4.086  -0.28   6.42   5.65   4.79   3.72   3.06   2.95   2.90   3.10
 1.000 4148.  4.089  -0.23   6.22   5.46   4.66   3.63   2.98   2.88   2.84   3.04
 1.050 4202.  4.090  -0.19   6.03   5.28   4.54   3.55   2.91   2.81   2.77   2.97
 1.100 4260.  4.095  -0.15   5.87   5.13   4.43   3.47   2.85   2.75   2.72   2.92
 1.150 4316.  4.094  -0.11   5.70   4.97   4.31   3.39   2.78   2.69   2.66   2.85
 1.200 4370.  4.093  -0.07   5.54   4.82   4.20   3.30   2.71   2.62   2.59   2.79
 1.300 4485.  4.090   0.02   5.23   4.54   3.97   3.14   2.57   2.49   2.47   2.66
 1.400 4607.  4.082   0.10   4.91   4.26   3.74   2.96   2.43   2.36   2.34   2.52
--------------------------------------------------------------------------------



  log t (yr) = 6.8
--------------------------------------------------------------------------------
 m      Teff     g    log L   Mv     Mr     Mi     Mj     Mh     Mk     Ml'     Mm
--------------------------------------------------------------------------------
 0.600 3685.  4.088  -0.66   8.12   7.26   5.96   4.52   3.81   3.65   3.54   3.74
 0.700 3773.  4.096  -0.56   7.72   6.90   5.67   4.30   3.58   3.43   3.35   3.57
 0.750 3822.  4.103  -0.51   7.53   6.72   5.53   4.20   3.48   3.35   3.28   3.49
 0.800 3873.  4.106  -0.47   7.32   6.53   5.39   4.09   3.38   3.26   3.20   3.42
 0.850 3946.  4.119  -0.42   7.04   6.26   5.22   4.01   3.32   3.20   3.14   3.35
 0.900 4028.  4.136  -0.38   6.76   5.98   5.06   3.95   3.27   3.15   3.10   3.30
 0.950 4091.  4.142  -0.33   6.56   5.79   4.93   3.86   3.20   3.09   3.04   3.24
 1.000 4151.  4.146  -0.29   6.36   5.60   4.80   3.77   3.13   3.02   2.98   3.18
 1.050 4213.  4.149  -0.24   6.16   5.41   4.67   3.69   3.05   2.95   2.92   3.11
 1.100 4279.  4.149  -0.20   5.97   5.23   4.54   3.60   2.98   2.88   2.85   3.05
 1.150 4345.  4.149  -0.15   5.78   5.05   4.41   3.51   2.90   2.81   2.78   2.98
 1.200 4411.  4.146  -0.10   5.59   4.88   4.28   3.41   2.83   2.74   2.72   2.91
 1.300 4550.  4.138  -0.01   5.23   4.56   4.02   3.22   2.67   2.59   2.57   2.75
 1.400 4700.  4.124   0.10   4.87   4.24   3.76   3.01   2.50   2.44   2.42   2.59
--------------------------------------------------------------------------------



  log t (yr) = 6.9
--------------------------------------------------------------------------------
 m      Teff     g    log L   Mv     Mr     Mi     Mj     Mh     Mk     Ml'     Mm
--------------------------------------------------------------------------------
 0.600 3689.  4.153  -0.72   8.23   7.38   6.10   4.69   3.99   3.82   3.70   3.90
 0.700 3776.  4.161  -0.62   7.85   7.02   5.81   4.46   3.76   3.61   3.52   3.72
 0.750 3825.  4.163  -0.57   7.64   6.84   5.67   4.35   3.65   3.51   3.43   3.64
 0.800 3876.  4.171  -0.53   7.45   6.66   5.53   4.26   3.56   3.43   3.36   3.57
 0.850 3948.  4.182  -0.48   7.18   6.40   5.37   4.17   3.48   3.36   3.30   3.51
 0.900 4028.  4.194  -0.44   6.90   6.13   5.21   4.09   3.42   3.30   3.25   3.45
 0.950 4099.  4.201  -0.39   6.68   5.91   5.06   4.00   3.34   3.23   3.19   3.38
 1.000 4167.  4.201  -0.34   6.46   5.70   4.91   3.90   3.26   3.15   3.11   3.31
 1.050 4240.  4.203  -0.29   6.24   5.49   4.77   3.80   3.18   3.08   3.04   3.24
 1.100 4316.  4.199  -0.23   6.02   5.28   4.62   3.70   3.09   3.00   2.97   3.16
 1.150 4396.  4.197  -0.18   5.80   5.07   4.47   3.59   3.00   2.92   2.89   3.08
 1.200 4480.  4.193  -0.12   5.59   4.89   4.32   3.48   2.92   2.84   2.81   3.00
 1.300 4652.  4.176  -0.01   5.16   4.52   4.01   3.25   2.73   2.66   2.64   2.82
 1.400 4867.  4.150   0.13   4.69   4.11   3.66   2.97   2.51   2.46   2.44   2.60
--------------------------------------------------------------------------------



  log t (yr) = 7.0
--------------------------------------------------------------------------------
 m      Teff     g    log L   Mv     Mr     Mi     Mj     Mh     Mk     Ml'     Mm
--------------------------------------------------------------------------------
 0.600 3690.  4.218  -0.79   8.36   7.50   6.24   4.85   4.17   3.99   3.87   4.06
 0.700 3777.  4.226  -0.69   7.97   7.15   5.96   4.63   3.93   3.78   3.68   3.88
 0.750 3826.  4.228  -0.64   7.77   6.96   5.81   4.51   3.82   3.68   3.59   3.80
 0.800 3880.  4.232  -0.59   7.57   6.78   5.67   4.41   3.72   3.58   3.51   3.72
 0.850 3954.  4.239  -0.54   7.29   6.51   5.50   4.31   3.63   3.50   3.44   3.65
 0.900 4038.  4.250  -0.49   7.02   6.24   5.33   4.23   3.56   3.44   3.39   3.58
 0.950 4119.  4.252  -0.43   6.76   6.00   5.16   4.12   3.46   3.35   3.31   3.51
 1.000 4198.  4.251  -0.37   6.51   5.76   5.00   4.00   3.37   3.26   3.23   3.42
 1.050 4292.  4.251  -0.31   6.25   5.51   4.83   3.89   3.28   3.18   3.15   3.34
 1.100 4385.  4.245  -0.25   5.99   5.26   4.65   3.77   3.18   3.09   3.06   3.25
 1.150 4487.  4.239  -0.19   5.74   5.04   4.48   3.64   3.08   3.00   2.98   3.16
 1.200 4591.  4.230  -0.12   5.48   4.81   4.30   3.51   2.97   2.90   2.88   3.05
 1.300 4834.  4.201   0.04   4.95   4.36   3.90   3.20   2.73   2.67   2.66   2.82
 1.400 5157.  4.154   0.23   4.33   3.82   3.42   2.82   2.43   2.39   2.38   2.50
--------------------------------------------------------------------------------



  log t (yr) = 7.1
--------------------------------------------------------------------------------
 m      Teff     g    log L   Mv     Mr     Mi     Mj     Mh     Mk     Ml'     Mm
--------------------------------------------------------------------------------
 0.600 3686.  4.283  -0.85   8.49   7.63   6.39   5.02   4.35   4.17   4.03   4.22
 0.700 3778.  4.285  -0.75   8.09   7.26   6.09   4.78   4.10   3.94   3.83   4.03
 0.750 3832.  4.288  -0.69   7.88   7.07   5.94   4.66   3.98   3.83   3.74   3.94
 0.800 3888.  4.288  -0.64   7.67   6.87   5.79   4.55   3.86   3.73   3.65   3.86
 0.850 3971.  4.297  -0.59   7.38   6.59   5.61   4.45   3.77   3.64   3.59   3.78
 0.900 4065.  4.302  -0.53   7.08   6.30   5.42   4.34   3.67   3.56   3.51   3.70
 0.950 4160.  4.301  -0.46   6.79   6.02   5.23   4.21   3.57   3.46   3.42   3.61
 1.000 4266.  4.297  -0.39   6.48   5.74   5.03   4.08   3.46   3.36   3.33   3.52
 1.050 4384.  4.293  -0.32   6.16   5.43   4.82   3.94   3.35   3.26   3.23   3.42
 1.100 4508.  4.284  -0.24   5.86   5.17   4.61   3.79   3.23   3.15   3.13   3.31
 1.150 4634.  4.271  -0.16   5.56   4.91   4.40   3.63   3.10   3.04   3.02   3.19
 1.200 4775.  4.253  -0.07   5.25   4.64   4.17   3.45   2.96   2.91   2.89   3.05
 1.300 5167.  4.200   0.15   4.51   4.01   3.61   3.01   2.63   2.58   2.57   2.69
 1.400 5601.  4.090   0.43   3.69   3.28   2.93   2.46   2.15   2.12   2.12   2.22
--------------------------------------------------------------------------------



  log t (yr) = 7.2
--------------------------------------------------------------------------------
 m      Teff     g    log L   Mv     Mr     Mi     Mj     Mh     Mk     Ml'     Mm
--------------------------------------------------------------------------------
 0.600 3681.  4.348  -0.92   8.63   7.76   6.54   5.20   4.54   4.35   4.20   4.38
 0.700 3781.  4.347  -0.81   8.21   7.37   6.23   4.94   4.27   4.10   3.99   4.18
 0.750 3841.  4.345  -0.75   7.98   7.16   6.06   4.81   4.13   3.98   3.89   4.08
 0.800 3906.  4.344  -0.69   7.74   6.94   5.89   4.68   4.00   3.86   3.79   3.99
 0.850 4000.  4.346  -0.62   7.41   6.62   5.68   4.56   3.88   3.76   3.70   3.89
 0.900 4117.  4.348  -0.55   7.07   6.30   5.46   4.41   3.76   3.65   3.61   3.80
 0.950 4245.  4.345  -0.47   6.70   5.95   5.23   4.26   3.64   3.54   3.51   3.70
 1.000 4390.  4.338  -0.38   6.32   5.59   4.98   4.10   3.51   3.42   3.40   3.58
 1.050 4540.  4.326  -0.29   5.96   5.27   4.73   3.92   3.37   3.30   3.28   3.45
 1.100 4702.  4.308  -0.19   5.60   4.96   4.47   3.73   3.22   3.16   3.14   3.30
 1.150 4901.  4.283  -0.08   5.20   4.62   4.17   3.50   3.05   2.99   2.98   3.12
 1.200 5133.  4.252   0.05   4.77   4.26   3.85   3.25   2.85   2.80   2.80   2.92
 1.300 5657.  4.140   0.37   3.84   3.44   3.10   2.64   2.34   2.31   2.32   2.40
 1.400 6393.  4.076   0.68   2.99   2.69   2.44   2.12   1.93   1.91   1.93   1.97
--------------------------------------------------------------------------------



  log t (yr) = 7.3
--------------------------------------------------------------------------------
 m      Teff     g    log L   Mv     Mr     Mi     Mj     Mh     Mk     Ml'     Mm
--------------------------------------------------------------------------------
 0.600 3678.  4.409  -0.98   8.76   7.88   6.68   5.36   4.71   4.52   4.36   4.53
 0.700 3788.  4.403  -0.86   8.31   7.47   6.34   5.08   4.41   4.25   4.13   4.31
 0.750 3859.  4.398  -0.79   8.05   7.23   6.15   4.93   4.26   4.11   4.02   4.20
 0.800 3945.  4.394  -0.72   7.74   6.94   5.94   4.78   4.10   3.97   3.90   4.10
 0.850 4067.  4.391  -0.64   7.36   6.58   5.70   4.62   3.96   3.84   3.79   3.99
 0.900 4218.  4.388  -0.55   6.93   6.18   5.43   4.45   3.82   3.71   3.68   3.87
 0.950 4395.  4.379  -0.45   6.47   5.74   5.13   4.26   3.66   3.58   3.55   3.74
 1.000 4585.  4.365  -0.33   6.03   5.36   4.84   4.05   3.51   3.43   3.42   3.58
 1.050 4789.  4.340  -0.21   5.60   4.99   4.52   3.81   3.32   3.26   3.25   3.41
 1.100 5063.  4.309  -0.07   5.09   4.56   4.14   3.52   3.11   3.06   3.05   3.18
 1.150 5357.  4.267   0.09   4.60   4.13   3.76   3.22   2.87   2.83   2.83   2.94
 1.200 5665.  4.207   0.27   4.09   3.68   3.35   2.89   2.59   2.56   2.57   2.65
 1.300 6311.  4.212   0.49   3.48   3.17   2.91   2.57   2.37   2.35   2.37   2.41
 1.400 6418.  4.298   0.46   3.53   3.24   2.99   2.67   2.48   2.46   2.48   2.52
--------------------------------------------------------------------------------



  log t (yr) = 7.4
--------------------------------------------------------------------------------
 m      Teff     g    log L   Mv     Mr     Mi     Mj     Mh     Mk     Ml'     Mm
--------------------------------------------------------------------------------
 0.600 3680.  4.468  -1.04   8.87   7.99   6.81   5.51   4.88   4.68   4.51   4.67
 0.700 3807.  4.457  -0.91   8.37   7.53   6.43   5.20   4.54   4.38   4.26   4.44
 0.750 3895.  4.448  -0.83   8.06   7.25   6.22   5.02   4.35   4.21   4.13   4.32
 0.800 4014.  4.437  -0.74   7.66   6.87   5.95   4.84   4.17   4.05   3.99   4.18
 0.850 4187.  4.430  -0.63   7.17   6.41   5.63   4.63   4.00   3.89   3.85   4.05
 0.900 4416.  4.421  -0.50   6.59   5.87   5.27   4.41   3.82   3.74   3.71   3.89
 0.950 4639.  4.401  -0.37   6.09   5.43   4.93   4.16   3.63   3.57   3.55   3.71
 1.000 4907.  4.372  -0.22   5.56   4.99   4.54   3.87   3.42   3.36   3.35   3.49
 1.050 5237.  4.335  -0.05   5.00   4.51   4.12   3.55   3.17   3.13   3.12   3.24
 1.100 5590.  4.290   0.13   4.46   4.04   3.70   3.22   2.92   2.88   2.89   2.98
 1.150 5909.  4.294   0.24   4.14   3.77   3.46   3.06   2.80   2.77   2.78   2.85
 1.200 6035.  4.342   0.24   4.11   3.76   3.46   3.08   2.84   2.82   2.83   2.89
 1.300 6213.  4.347   0.32   3.89   3.56   3.29   2.94   2.73   2.70   2.72   2.77
 1.400 6551.  4.282   0.51   3.40   3.12   2.88   2.59   2.41   2.39   2.42   2.45
--------------------------------------------------------------------------------



  log t (yr) = 7.5
--------------------------------------------------------------------------------
 m      Teff     g    log L   Mv     Mr     Mi     Mj     Mh     Mk     Ml'     Mm
--------------------------------------------------------------------------------
 0.600 3691.  4.523  -1.09   8.95   8.08   6.92   5.64   5.02   4.82   4.65   4.80
 0.700 3847.  4.500  -0.93   8.36   7.53   6.48   5.28   4.62   4.46   4.35   4.53
 0.750 3970.  4.486  -0.83   7.96   7.16   6.20   5.07   4.40   4.27   4.20   4.39
 0.800 4156.  4.472  -0.71   7.41   6.65   5.84   4.82   4.18   4.07   4.03   4.22
 0.850 4413.  4.459  -0.57   6.76   6.03   5.43   4.56   3.98   3.89   3.87   4.05
 0.900 4700.  4.439  -0.41   6.15   5.51   5.02   4.27   3.77   3.70   3.69   3.84
 0.950 5029.  4.407  -0.24   5.54   5.00   4.58   3.94   3.52   3.47   3.46   3.59
 1.000 5421.  4.377  -0.06   4.95   4.50   4.14   3.62   3.28   3.24   3.24   3.34
 1.050 5674.  4.392   0.03   4.69   4.28   3.95   3.49   3.20   3.16   3.17   3.26
 1.100 5770.  4.439   0.03   4.67   4.28   3.96   3.52   3.24   3.21   3.22   3.30
 1.150 5876.  4.429   0.09   4.50   4.13   3.82   3.41   3.14   3.11   3.13   3.20
 1.200 5983.  4.401   0.17   4.30   3.94   3.64   3.25   3.00   2.97   2.99   3.05
 1.300 6297.  4.335   0.36   3.80   3.48   3.22   2.88   2.68   2.66   2.68   2.72
 1.400 6710.  4.295   0.54   3.32   3.06   2.84   2.57   2.41   2.40   2.42   2.45
--------------------------------------------------------------------------------



  log t (yr) = 7.6
--------------------------------------------------------------------------------
 m      Teff     g    log L   Mv     Mr     Mi     Mj     Mh     Mk     Ml'     Mm
--------------------------------------------------------------------------------
 0.600 3716.  4.571  -1.13   9.00   8.13   7.00   5.74   5.11   4.92   4.76   4.91
 0.700 3929.  4.536  -0.93   8.25   7.44   6.45   5.30   4.64   4.50   4.41   4.60
 0.750 4130.  4.516  -0.79   7.65   6.88   6.06   5.02   4.38   4.27   4.22   4.41
 0.800 4420.  4.500  -0.63   6.92   6.19   5.59   4.73   4.14   4.06   4.04   4.21
 0.850 4733.  4.478  -0.46   6.26   5.63   5.15   4.41   3.91   3.85   3.84   3.99
 0.900 5107.  4.453  -0.28   5.62   5.10   4.68   4.08   3.67   3.62   3.62   3.74
 0.950 5368.  4.482  -0.20   5.33   4.87   4.49   3.96   3.61   3.57   3.57   3.67
 1.000 5476.  4.499  -0.16   5.20   4.76   4.40   3.90   3.57   3.53   3.54   3.63
 1.050 5616.  4.490  -0.09   4.99   4.57   4.23   3.76   3.46   3.42   3.43   3.51
 1.100 5745.  4.463   0.00   4.75   4.36   4.03   3.59   3.31   3.27   3.29   3.36
 1.150 5868.  4.431   0.09   4.51   4.14   3.83   3.41   3.15   3.12   3.13   3.20
 1.200 5998.  4.397   0.18   4.27   3.92   3.62   3.23   2.99   2.96   2.98   3.04
 1.300 6361.  4.335   0.38   3.75   3.44   3.19   2.86   2.67   2.64   2.67   2.71
 1.400 6727.  4.303   0.54   3.33   3.07   2.85   2.58   2.43   2.41   2.44   2.46
--------------------------------------------------------------------------------



  log t (yr) = 7.7
--------------------------------------------------------------------------------
 m      Teff     g    log L   Mv     Mr     Mi     Mj     Mh     Mk     Ml'     Mm
--------------------------------------------------------------------------------
 0.600 3763.  4.611  -1.15   8.97   8.12   7.02   5.80   5.17   4.99   4.84   5.00
 0.700 4097.  4.563  -0.88   7.92   7.14   6.29   5.24   4.60   4.48   4.43   4.61
 0.750 4399.  4.543  -0.71   7.13   6.40   5.79   4.92   4.33   4.24   4.22   4.40
 0.800 4739.  4.525  -0.53   6.44   5.81   5.32   4.59   4.10   4.03   4.02   4.17
 0.850 5044.  4.530  -0.41   5.95   5.41   4.99   4.36   3.95   3.89   3.89   4.01
 0.900 5131.  4.559  -0.38   5.86   5.34   4.93   4.33   3.93   3.88   3.88   3.99
 0.950 5278.  4.544  -0.29   5.59   5.10   4.72   4.16   3.79   3.75   3.75   3.85
 1.000 5458.  4.518  -0.19   5.27   4.83   4.46   3.95   3.62   3.58   3.59   3.68
 1.050 5605.  4.492  -0.09   5.01   4.59   4.24   3.77   3.47   3.43   3.44   3.52
 1.100 5749.  4.461   0.00   4.74   4.35   4.02   3.58   3.30   3.27   3.28   3.36
 1.150 5895.  4.426   0.10   4.48   4.11   3.80   3.39   3.13   3.10   3.12   3.18
 1.200 6044.  4.393   0.20   4.22   3.88   3.59   3.20   2.97   2.94   2.96   3.01
 1.300 6387.  4.337   0.38   3.73   3.43   3.18   2.86   2.66   2.64   2.67   2.70
 1.400 6730.  4.303   0.54   3.33   3.07   2.85   2.58   2.43   2.41   2.44   2.46
--------------------------------------------------------------------------------



  log t (yr) = 7.8
--------------------------------------------------------------------------------
 m      Teff     g    log L   Mv     Mr     Mi     Mj     Mh     Mk     Ml'     Mm
--------------------------------------------------------------------------------
 0.600 3847.  4.642  -1.14   8.85   8.01   6.98   5.80   5.17   5.01   4.88   5.05
 0.700 4344.  4.591  -0.81   7.45   6.70   6.05   5.15   4.54   4.45   4.43   4.61
 0.750 4671.  4.588  -0.65   6.77   6.12   5.62   4.86   4.34   4.28   4.26   4.42
 0.800 4806.  4.605  -0.59   6.53   5.92   5.46   4.75   4.27   4.21   4.20   4.35
 0.850 4927.  4.600  -0.52   6.29   5.71   5.27   4.60   4.16   4.10   4.09   4.22
 0.900 5103.  4.573  -0.40   5.93   5.40   4.99   4.38   3.97   3.92   3.92   4.04
 0.950 5284.  4.545  -0.29   5.58   5.10   4.71   4.16   3.79   3.75   3.75   3.85
 1.000 5451.  4.518  -0.19   5.28   4.83   4.47   3.96   3.62   3.59   3.59   3.68
 1.050 5608.  4.490  -0.09   5.00   4.58   4.24   3.76   3.46   3.42   3.43   3.52
 1.100 5762.  4.459   0.01   4.72   4.33   4.01   3.57   3.29   3.26   3.27   3.35
 1.150 5924.  4.423   0.11   4.45   4.08   3.78   3.37   3.12   3.09   3.10   3.17
 1.200 6077.  4.391   0.21   4.19   3.85   3.56   3.19   2.95   2.93   2.95   3.00
 1.300 6400.  4.338   0.39   3.73   3.43   3.18   2.86   2.66   2.64   2.67   2.70
 1.400 6733.  4.303   0.54   3.32   3.06   2.85   2.58   2.43   2.41   2.44   2.46
--------------------------------------------------------------------------------



  log t (yr) = 7.9
--------------------------------------------------------------------------------
 m      Teff     g    log L   Mv     Mr     Mi     Mj     Mh     Mk     Ml'     Mm
--------------------------------------------------------------------------------
 0.600 3970.  4.664  -1.11   8.61   7.80   6.86   5.76   5.12   4.98   4.89   5.06
 0.700 4445.  4.648  -0.83   7.39   6.67   6.08   5.22   4.65   4.56   4.54   4.72
 0.750 4571.  4.647  -0.75   7.09   6.40   5.87   5.07   4.52   4.45   4.44   4.60
 0.800 4724.  4.628  -0.64   6.72   6.08   5.60   4.86   4.36   4.29   4.28   4.43
 0.850 4919.  4.601  -0.52   6.30   5.72   5.28   4.61   4.16   4.10   4.10   4.23
 0.900 5109.  4.572  -0.40   5.92   5.39   4.98   4.37   3.97   3.92   3.91   4.03
 0.950 5288.  4.543  -0.29   5.57   5.09   4.71   4.15   3.79   3.74   3.74   3.85
 1.000 5449.  4.517  -0.19   5.28   4.83   4.47   3.95   3.62   3.58   3.59   3.68
 1.050 5618.  4.488  -0.08   4.98   4.57   4.23   3.75   3.45   3.42   3.43   3.51
 1.100 5782.  4.456   0.02   4.70   4.31   3.99   3.56   3.28   3.25   3.26   3.33
 1.150 5944.  4.422   0.12   4.43   4.06   3.76   3.36   3.11   3.08   3.10   3.16
 1.200 6095.  4.391   0.21   4.18   3.84   3.55   3.18   2.95   2.93   2.94   3.00
 1.300 6409.  4.338   0.39   3.72   3.42   3.17   2.85   2.66   2.64   2.66   2.70
 1.400 6736.  4.302   0.54   3.32   3.06   2.85   2.58   2.43   2.41   2.43   2.46
--------------------------------------------------------------------------------



  log t (yr) = 8.0
--------------------------------------------------------------------------------
 m      Teff     g    log L   Mv     Mr     Mi     Mj     Mh     Mk     Ml'     Mm
--------------------------------------------------------------------------------
 0.600 4067.  4.694  -1.09   8.46   7.66   6.81   5.77   5.13   5.01   4.94   5.11
 0.700 4327.  4.677  -0.90   7.70   6.95   6.28   5.37   4.77   4.68   4.65   4.83
 0.750 4527.  4.654  -0.77   7.18   6.48   5.93   5.11   4.56   4.48   4.46   4.63
 0.800 4725.  4.626  -0.64   6.71   6.07   5.59   4.85   4.35   4.29   4.27   4.43
 0.850 4923.  4.599  -0.52   6.29   5.71   5.27   4.60   4.15   4.10   4.09   4.22
 0.900 5114.  4.570  -0.40   5.91   5.38   4.97   4.36   3.96   3.91   3.91   4.02
 0.950 5287.  4.542  -0.29   5.57   5.09   4.70   4.15   3.78   3.74   3.74   3.85
 1.000 5454.  4.515  -0.18   5.27   4.82   4.46   3.95   3.62   3.58   3.58   3.68
 1.050 5636.  4.486  -0.08   4.96   4.55   4.21   3.74   3.44   3.41   3.42   3.50
 1.100 5801.  4.454   0.03   4.68   4.29   3.98   3.55   3.27   3.24   3.25   3.33
 1.150 5957.  4.421   0.12   4.41   4.05   3.75   3.35   3.10   3.07   3.09   3.15
 1.200 6107.  4.390   0.22   4.17   3.83   3.54   3.18   2.95   2.92   2.94   2.99
 1.300 6415.  4.337   0.39   3.71   3.42   3.17   2.85   2.66   2.64   2.66   2.70
 1.400 6738.  4.301   0.54   3.32   3.06   2.84   2.58   2.42   2.40   2.43   2.46
--------------------------------------------------------------------------------



  log t (yr) = 8.1
--------------------------------------------------------------------------------
 m      Teff     g    log L   Mv     Mr     Mi     Mj     Mh     Mk     Ml'     Mm
--------------------------------------------------------------------------------
 0.600 3987.  4.730  -1.16   8.72   7.91   7.00   5.92   5.29   5.14   5.05   5.22
 0.700 4312.  4.674  -0.91   7.72   6.97   6.29   5.37   4.77   4.67   4.64   4.82
 0.750 4523.  4.650  -0.77   7.18   6.48   5.93   5.11   4.55   4.47   4.46   4.62
 0.800 4725.  4.624  -0.64   6.71   6.07   5.58   4.85   4.35   4.28   4.27   4.42
 0.850 4925.  4.597  -0.51   6.28   5.71   5.26   4.60   4.15   4.09   4.09   4.22
 0.900 5116.  4.569  -0.39   5.90   5.38   4.97   4.36   3.96   3.91   3.91   4.02
 0.950 5288.  4.541  -0.29   5.57   5.09   4.70   4.14   3.78   3.74   3.74   3.84
 1.000 5463.  4.514  -0.18   5.25   4.81   4.45   3.94   3.61   3.57   3.58   3.67
 1.050 5651.  4.484  -0.07   4.94   4.53   4.20   3.73   3.44   3.40   3.41   3.49
 1.100 5810.  4.453   0.03   4.67   4.28   3.97   3.54   3.27   3.23   3.25   3.32
 1.150 5962.  4.420   0.13   4.41   4.05   3.75   3.35   3.10   3.07   3.09   3.15
 1.200 6109.  4.390   0.22   4.16   3.83   3.54   3.17   2.94   2.92   2.94   2.99
 1.300 6417.  4.337   0.39   3.71   3.41   3.16   2.85   2.66   2.64   2.66   2.70
 1.400 6739.  4.300   0.55   3.31   3.05   2.84   2.57   2.42   2.40   2.43   2.45
--------------------------------------------------------------------------------



  log t (yr) = 8.2
--------------------------------------------------------------------------------
 m      Teff     g    log L   Mv     Mr     Mi     Mj     Mh     Mk     Ml'     Mm
--------------------------------------------------------------------------------
 0.600 3955.  4.732  -1.18   8.80   7.98   7.05   5.95   5.32   5.17   5.07   5.24
 0.700 4307.  4.672  -0.91   7.73   6.97   6.29   5.37   4.77   4.67   4.64   4.82
 0.750 4522.  4.648  -0.77   7.18   6.48   5.92   5.10   4.54   4.47   4.45   4.62
 0.800 4726.  4.622  -0.64   6.70   6.06   5.58   4.84   4.34   4.28   4.27   4.42
 0.850 4926.  4.596  -0.51   6.28   5.70   5.26   4.59   4.15   4.09   4.08   4.22
 0.900 5117.  4.568  -0.39   5.90   5.37   4.96   4.36   3.96   3.91   3.90   4.02
 0.950 5288.  4.540  -0.28   5.56   5.08   4.70   4.14   3.78   3.73   3.73   3.84
 1.000 5476.  4.512  -0.17   5.24   4.79   4.43   3.93   3.60   3.56   3.57   3.66
 1.050 5655.  4.484  -0.07   4.94   4.53   4.19   3.73   3.43   3.40   3.41   3.49
 1.100 5814.  4.452   0.03   4.66   4.28   3.96   3.53   3.26   3.23   3.25   3.32
 1.150 5966.  4.419   0.13   4.40   4.04   3.74   3.34   3.10   3.07   3.08   3.15
 1.200 6115.  4.388   0.22   4.16   3.82   3.53   3.17   2.94   2.91   2.93   2.98
 1.300 6418.  4.335   0.39   3.71   3.41   3.16   2.84   2.65   2.63   2.65   2.69
 1.400 6739.  4.297   0.55   3.31   3.05   2.83   2.57   2.41   2.40   2.42   2.45
--------------------------------------------------------------------------------



  log t (yr) = 8.3
--------------------------------------------------------------------------------
 m      Teff     g    log L   Mv     Mr     Mi     Mj     Mh     Mk     Ml'     Mm
--------------------------------------------------------------------------------
 0.600 3948.  4.728  -1.18   8.80   7.98   7.05   5.94   5.32   5.17   5.06   5.23
 0.700 4303.  4.670  -0.91   7.73   6.98   6.29   5.37   4.76   4.67   4.64   4.82
 0.750 4522.  4.647  -0.77   7.18   6.47   5.92   5.10   4.54   4.46   4.45   4.61
 0.800 4727.  4.622  -0.64   6.70   6.06   5.58   4.84   4.34   4.28   4.26   4.41
 0.850 4927.  4.595  -0.51   6.27   5.70   5.26   4.59   4.14   4.09   4.08   4.21
 0.900 5116.  4.566  -0.39   5.89   5.37   4.96   4.35   3.95   3.90   3.90   4.02
 0.950 5295.  4.538  -0.28   5.55   5.07   4.69   4.13   3.77   3.73   3.73   3.83
 1.000 5480.  4.511  -0.17   5.23   4.79   4.43   3.93   3.60   3.56   3.57   3.66
 1.050 5658.  4.482  -0.07   4.93   4.52   4.19   3.72   3.43   3.39   3.40   3.48
 1.100 5818.  4.450   0.03   4.65   4.27   3.95   3.53   3.26   3.23   3.24   3.31
 1.150 5968.  4.418   0.13   4.40   4.04   3.74   3.34   3.09   3.06   3.08   3.14
 1.200 6118.  4.387   0.22   4.15   3.81   3.53   3.16   2.93   2.91   2.93   2.98
 1.300 6418.  4.333   0.39   3.70   3.40   3.15   2.84   2.65   2.63   2.65   2.69
 1.400 6738.  4.293   0.55   3.30   3.04   2.82   2.56   2.40   2.39   2.41   2.44
--------------------------------------------------------------------------------



  log t (yr) = 8.4
--------------------------------------------------------------------------------
 m      Teff     g    log L   Mv     Mr     Mi     Mj     Mh     Mk     Ml'     Mm
--------------------------------------------------------------------------------
 0.600 3941.  4.725  -1.18   8.81   7.99   7.05   5.94   5.31   5.16   5.06   5.22
 0.700 4302.  4.669  -0.90   7.73   6.98   6.29   5.37   4.76   4.66   4.63   4.81
 0.750 4523.  4.646  -0.77   7.17   6.47   5.92   5.10   4.54   4.46   4.44   4.61
 0.800 4727.  4.620  -0.63   6.70   6.06   5.57   4.84   4.33   4.27   4.26   4.41
 0.850 4927.  4.593  -0.51   6.27   5.69   5.25   4.59   4.14   4.08   4.07   4.21
 0.900 5116.  4.565  -0.39   5.89   5.37   4.96   4.35   3.95   3.90   3.90   4.01
 0.950 5299.  4.537  -0.28   5.55   5.07   4.68   4.13   3.77   3.72   3.72   3.83
 1.000 5484.  4.509  -0.17   5.22   4.78   4.42   3.92   3.59   3.56   3.56   3.65
 1.050 5660.  4.481  -0.06   4.93   4.52   4.18   3.72   3.43   3.39   3.40   3.48
 1.100 5820.  4.449   0.04   4.65   4.27   3.95   3.53   3.26   3.22   3.24   3.31
 1.150 5970.  4.415   0.13   4.39   4.03   3.73   3.33   3.09   3.06   3.07   3.14
 1.200 6121.  4.384   0.23   4.14   3.80   3.52   3.16   2.93   2.90   2.92   2.97
 1.300 6418.  4.330   0.40   3.69   3.39   3.15   2.83   2.64   2.62   2.64   2.68
 1.400 6736.  4.291   0.55   3.29   3.03   2.82   2.55   2.40   2.38   2.41   2.43
--------------------------------------------------------------------------------



  log t (yr) = 8.5
--------------------------------------------------------------------------------
 m      Teff     g    log L   Mv     Mr     Mi     Mj     Mh     Mk     Ml'     Mm
--------------------------------------------------------------------------------
 0.600 3937.  4.724  -1.18   8.82   8.00   7.05   5.94   5.31   5.16   5.06   5.22
 0.700 4302.  4.667  -0.90   7.72   6.97   6.29   5.36   4.76   4.66   4.63   4.81
 0.750 4522.  4.644  -0.76   7.17   6.47   5.91   5.09   4.53   4.46   4.44   4.61
 0.800 4727.  4.619  -0.63   6.69   6.05   5.57   4.83   4.33   4.27   4.26   4.41
 0.850 4927.  4.592  -0.51   6.27   5.69   5.25   4.58   4.14   4.08   4.07   4.20
 0.900 5116.  4.564  -0.39   5.89   5.36   4.95   4.35   3.95   3.90   3.89   4.01
 0.950 5302.  4.535  -0.28   5.54   5.06   4.68   4.12   3.76   3.72   3.72   3.82
 1.000 5487.  4.508  -0.17   5.22   4.78   4.42   3.92   3.59   3.55   3.56   3.65
 1.050 5664.  4.480  -0.06   4.92   4.51   4.18   3.72   3.42   3.39   3.40   3.48
 1.100 5822.  4.447   0.04   4.64   4.26   3.95   3.52   3.25   3.22   3.23   3.30
 1.150 5973.  4.413   0.14   4.38   4.02   3.72   3.33   3.08   3.05   3.07   3.13
 1.200 6122.  4.382   0.23   4.14   3.80   3.52   3.15   2.92   2.90   2.92   2.97
 1.300 6418.  4.327   0.40   3.69   3.39   3.14   2.82   2.63   2.61   2.63   2.67
 1.400 6730.  4.286   0.56   3.29   3.02   2.81   2.54   2.39   2.37   2.40   2.42
--------------------------------------------------------------------------------



  log t (yr) = 8.6
--------------------------------------------------------------------------------
 m      Teff     g    log L   Mv     Mr     Mi     Mj     Mh     Mk     Ml'     Mm
--------------------------------------------------------------------------------
 0.600 3935.  4.722  -1.18   8.82   8.00   7.05   5.94   5.31   5.16   5.05   5.22
 0.700 4303.  4.666  -0.90   7.72   6.97   6.28   5.36   4.75   4.66   4.63   4.81
 0.750 4521.  4.643  -0.76   7.17   6.46   5.91   5.09   4.53   4.45   4.44   4.60
 0.800 4727.  4.617  -0.63   6.69   6.05   5.57   4.83   4.33   4.27   4.25   4.40
 0.850 4926.  4.591  -0.51   6.27   5.69   5.25   4.58   4.13   4.08   4.07   4.20
 0.900 5117.  4.562  -0.39   5.88   5.36   4.95   4.34   3.94   3.89   3.89   4.00
 0.950 5304.  4.534  -0.27   5.53   5.05   4.67   4.12   3.76   3.72   3.72   3.82
 1.000 5489.  4.506  -0.16   5.21   4.77   4.41   3.91   3.58   3.55   3.55   3.64
 1.050 5666.  4.478  -0.06   4.91   4.50   4.17   3.71   3.41   3.38   3.39   3.47
 1.100 5825.  4.445   0.04   4.63   4.25   3.94   3.51   3.24   3.21   3.22   3.30
 1.150 5974.  4.411   0.14   4.37   4.01   3.72   3.32   3.07   3.05   3.06   3.12
 1.200 6124.  4.379   0.23   4.13   3.79   3.51   3.14   2.91   2.89   2.91   2.96
 1.300 6417.  4.323   0.40   3.68   3.38   3.13   2.81   2.62   2.60   2.63   2.66
 1.400 6720.  4.279   0.56   3.27   3.01   2.80   2.53   2.37   2.35   2.38   2.41
--------------------------------------------------------------------------------



  log t (yr) = 8.7
--------------------------------------------------------------------------------
 m      Teff     g    log L   Mv     Mr     Mi     Mj     Mh     Mk     Ml'     Mm
--------------------------------------------------------------------------------
 0.600 3934.  4.721  -1.18   8.82   8.00   7.05   5.94   5.31   5.16   5.05   5.21
 0.700 4302.  4.665  -0.90   7.72   6.97   6.28   5.36   4.75   4.65   4.62   4.80
 0.750 4521.  4.642  -0.76   7.17   6.46   5.91   5.09   4.53   4.45   4.43   4.60
 0.800 4726.  4.616  -0.63   6.69   6.05   5.56   4.83   4.32   4.26   4.25   4.40
 0.850 4927.  4.589  -0.51   6.26   5.68   5.24   4.58   4.13   4.07   4.06   4.20
 0.900 5117.  4.561  -0.39   5.88   5.36   4.94   4.34   3.94   3.89   3.88   4.00
 0.950 5305.  4.532  -0.27   5.53   5.05   4.67   4.11   3.75   3.71   3.71   3.82
 1.000 5492.  4.504  -0.16   5.20   4.76   4.41   3.90   3.58   3.54   3.55   3.64
 1.050 5668.  4.475  -0.06   4.90   4.50   4.16   3.70   3.41   3.37   3.38   3.46
 1.100 5828.  4.442   0.05   4.62   4.24   3.93   3.50   3.23   3.20   3.22   3.29
 1.150 5977.  4.407   0.14   4.36   4.00   3.70   3.31   3.06   3.03   3.05   3.11
 1.200 6125.  4.374   0.24   4.11   3.78   3.50   3.13   2.90   2.88   2.90   2.95
 1.300 6414.  4.316   0.41   3.66   3.36   3.11   2.80   2.61   2.59   2.61   2.65
 1.400 6713.  4.271   0.57   3.26   3.00   2.78   2.51   2.35   2.33   2.36   2.39
--------------------------------------------------------------------------------



  log t (yr) = 8.8
--------------------------------------------------------------------------------
 m      Teff     g    log L   Mv     Mr     Mi     Mj     Mh     Mk     Ml'     Mm
--------------------------------------------------------------------------------
 0.600 3935.  4.720  -1.18   8.82   8.00   7.04   5.93   5.30   5.15   5.05   5.21
 0.700 4301.  4.663  -0.90   7.72   6.96   6.28   5.35   4.75   4.65   4.62   4.80
 0.750 4520.  4.640  -0.76   7.16   6.46   5.90   5.08   4.52   4.45   4.43   4.60
 0.800 4727.  4.615  -0.63   6.68   6.04   5.56   4.82   4.32   4.26   4.25   4.40
 0.850 4928.  4.588  -0.50   6.25   5.68   5.24   4.57   4.12   4.07   4.06   4.19
 0.900 5119.  4.559  -0.38   5.87   5.35   4.94   4.33   3.93   3.88   3.88   4.00
 0.950 5308.  4.530  -0.27   5.52   5.04   4.66   4.11   3.75   3.71   3.71   3.81
 1.000 5495.  4.502  -0.16   5.19   4.75   4.40   3.90   3.57   3.53   3.54   3.63
 1.050 5672.  4.472  -0.05   4.89   4.49   4.15   3.69   3.40   3.37   3.38   3.46
 1.100 5830.  4.438   0.05   4.61   4.23   3.92   3.49   3.22   3.19   3.21   3.28
 1.150 5980.  4.402   0.15   4.35   3.99   3.69   3.30   3.05   3.02   3.04   3.10
 1.200 6126.  4.369   0.24   4.10   3.76   3.48   3.12   2.89   2.86   2.88   2.93
 1.300 6412.  4.309   0.42   3.64   3.35   3.10   2.78   2.59   2.57   2.59   2.63
 1.400 6700.  4.261   0.57   3.24   2.98   2.76   2.49   2.33   2.31   2.34   2.36
--------------------------------------------------------------------------------



  log t (yr) = 8.9
--------------------------------------------------------------------------------
 m      Teff     g    log L   Mv     Mr     Mi     Mj     Mh     Mk     Ml'     Mm
--------------------------------------------------------------------------------
 0.600 3934.  4.718  -1.18   8.81   7.99   7.04   5.93   5.30   5.15   5.04   5.21
 0.700 4300.  4.662  -0.90   7.72   6.96   6.28   5.35   4.74   4.65   4.62   4.80
 0.750 4521.  4.639  -0.76   7.16   6.45   5.90   5.08   4.52   4.44   4.43   4.59
 0.800 4728.  4.613  -0.63   6.68   6.04   5.55   4.82   4.32   4.25   4.24   4.39
 0.850 4931.  4.586  -0.50   6.25   5.67   5.23   4.57   4.12   4.06   4.06   4.19
 0.900 5122.  4.556  -0.38   5.86   5.34   4.93   4.32   3.93   3.88   3.87   3.99
 0.950 5313.  4.528  -0.26   5.51   5.03   4.65   4.10   3.74   3.70   3.70   3.80
 1.000 5500.  4.499  -0.15   5.18   4.74   4.39   3.89   3.56   3.53   3.53   3.62
 1.050 5678.  4.468  -0.05   4.88   4.47   4.14   3.68   3.39   3.35   3.36   3.44
 1.100 5834.  4.433   0.06   4.60   4.22   3.90   3.48   3.21   3.18   3.19   3.26
 1.150 5983.  4.397   0.16   4.33   3.97   3.68   3.28   3.04   3.01   3.03   3.09
 1.200 6129.  4.363   0.25   4.08   3.75   3.46   3.10   2.87   2.85   2.87   2.92
 1.300 6406.  4.300   0.43   3.63   3.33   3.08   2.76   2.57   2.55   2.57   2.61
 1.400 6687.  4.247   0.58   3.22   2.95   2.73   2.46   2.30   2.28   2.31   2.33
--------------------------------------------------------------------------------



  log t (yr) = 9.0
--------------------------------------------------------------------------------
 m      Teff     g    log L   Mv     Mr     Mi     Mj     Mh     Mk     Ml'     Mm
--------------------------------------------------------------------------------
 0.600 3933.  4.717  -1.18   8.81   7.99   7.04   5.93   5.30   5.15   5.04   5.21
 0.700 4301.  4.660  -0.90   7.71   6.96   6.27   5.35   4.74   4.64   4.61   4.79
 0.750 4522.  4.637  -0.76   7.15   6.45   5.89   5.07   4.52   4.44   4.42   4.59
 0.800 4730.  4.611  -0.62   6.67   6.03   5.55   4.81   4.31   4.25   4.24   4.39
 0.850 4933.  4.584  -0.50   6.24   5.66   5.22   4.56   4.11   4.06   4.05   4.18
 0.900 5126.  4.554  -0.38   5.85   5.33   4.92   4.32   3.92   3.87   3.87   3.98
 0.950 5317.  4.525  -0.26   5.49   5.02   4.64   4.09   3.73   3.69   3.69   3.79
 1.000 5507.  4.495  -0.15   5.16   4.73   4.37   3.88   3.55   3.51   3.52   3.61
 1.050 5683.  4.464  -0.04   4.86   4.46   4.12   3.67   3.38   3.34   3.35   3.43
 1.100 5840.  4.427   0.06   4.58   4.20   3.88   3.46   3.20   3.16   3.18   3.25
 1.150 5987.  4.390   0.16   4.31   3.95   3.66   3.27   3.02   2.99   3.01   3.07
 1.200 6132.  4.355   0.26   4.06   3.72   3.44   3.08   2.85   2.83   2.85   2.90
 1.300 6403.  4.288   0.44   3.60   3.30   3.05   2.73   2.54   2.52   2.54   2.58
 1.400 6662.  4.228   0.60   3.18   2.92   2.69   2.42   2.26   2.24   2.26   2.29
--------------------------------------------------------------------------------



  log t (yr) = 9.1
--------------------------------------------------------------------------------
 m      Teff     g    log L   Mv     Mr     Mi     Mj     Mh     Mk     Ml'     Mm
--------------------------------------------------------------------------------
 0.600 3932.  4.715  -1.17   8.81   7.99   7.04   5.92   5.29   5.14   5.04   5.20
 0.700 4302.  4.659  -0.89   7.70   6.95   6.27   5.34   4.73   4.64   4.61   4.79
 0.750 4525.  4.636  -0.75   7.14   6.44   5.89   5.07   4.51   4.44   4.42   4.59
 0.800 4734.  4.609  -0.62   6.66   6.02   5.54   4.81   4.31   4.24   4.23   4.38
 0.850 4939.  4.582  -0.49   6.22   5.65   5.21   4.55   4.11   4.05   4.04   4.17
 0.900 5131.  4.551  -0.37   5.84   5.32   4.91   4.31   3.91   3.86   3.86   3.97
 0.950 5325.  4.522  -0.25   5.48   5.00   4.63   4.08   3.72   3.68   3.68   3.78
 1.000 5516.  4.491  -0.14   5.15   4.71   4.36   3.86   3.54   3.50   3.51   3.60
 1.050 5691.  4.458  -0.03   4.84   4.44   4.10   3.65   3.36   3.33   3.34   3.41
 1.100 5848.  4.420   0.07   4.55   4.17   3.86   3.44   3.18   3.14   3.16   3.23
 1.150 5995.  4.380   0.18   4.28   3.92   3.63   3.24   2.99   2.97   2.98   3.04
 1.200 6138.  4.343   0.27   4.02   3.69   3.41   3.05   2.82   2.79   2.81   2.87
 1.300 6399.  4.271   0.45   3.56   3.26   3.01   2.69   2.50   2.48   2.50   2.54
 1.400 6628.  4.204   0.61   3.15   2.88   2.65   2.37   2.20   2.18   2.21   2.24
--------------------------------------------------------------------------------



  log t (yr) = 9.2
--------------------------------------------------------------------------------
 m      Teff     g    log L   Mv     Mr     Mi     Mj     Mh     Mk     Ml'     Mm
--------------------------------------------------------------------------------
 0.600 3933.  4.714  -1.17   8.81   7.99   7.03   5.92   5.29   5.14   5.03   5.20
 0.700 4305.  4.657  -0.89   7.69   6.94   6.26   5.34   4.73   4.63   4.60   4.78
 0.750 4529.  4.634  -0.75   7.13   6.43   5.88   5.06   4.51   4.43   4.41   4.58
 0.800 4739.  4.607  -0.62   6.64   6.01   5.53   4.80   4.30   4.24   4.23   4.38
 0.850 4944.  4.579  -0.49   6.21   5.64   5.20   4.54   4.10   4.04   4.03   4.16
 0.900 5139.  4.548  -0.37   5.82   5.30   4.89   4.29   3.90   3.85   3.85   3.96
 0.950 5333.  4.517  -0.25   5.46   4.99   4.61   4.06   3.71   3.67   3.67   3.77
 1.000 5526.  4.486  -0.13   5.12   4.69   4.34   3.84   3.52   3.49   3.49   3.58
 1.050 5703.  4.450  -0.02   4.81   4.41   4.08   3.62   3.34   3.30   3.31   3.39
 1.100 5857.  4.410   0.09   4.52   4.14   3.83   3.41   3.15   3.12   3.13   3.20
 1.150 6003.  4.368   0.19   4.24   3.89   3.59   3.20   2.96   2.93   2.95   3.01
 1.200 6145.  4.329   0.29   3.98   3.65   3.37   3.01   2.78   2.76   2.78   2.83
 1.300 6389.  4.251   0.47   3.52   3.21   2.96   2.64   2.45   2.43   2.45   2.49
 1.400 6598.  4.172   0.64   3.09   2.81   2.58   2.30   2.13   2.11   2.13   2.16
--------------------------------------------------------------------------------



  log t (yr) = 9.3
--------------------------------------------------------------------------------
 m      Teff     g    log L   Mv     Mr     Mi     Mj     Mh     Mk     Ml'     Mm
--------------------------------------------------------------------------------
 0.600 3934.  4.712  -1.17   8.80   7.98   7.03   5.91   5.28   5.13   5.03   5.19
 0.700 4309.  4.656  -0.89   7.68   6.93   6.25   5.33   4.72   4.63   4.60   4.78
 0.750 4533.  4.632  -0.75   7.12   6.42   5.87   5.05   4.50   4.42   4.41   4.57
 0.800 4745.  4.604  -0.61   6.63   6.00   5.52   4.79   4.29   4.23   4.22   4.37
 0.850 4952.  4.575  -0.48   6.19   5.62   5.18   4.53   4.09   4.03   4.02   4.15
 0.900 5149.  4.544  -0.36   5.80   5.28   4.88   4.28   3.89   3.84   3.83   3.95
 0.950 5346.  4.512  -0.24   5.43   4.96   4.58   4.04   3.69   3.65   3.65   3.75
 1.000 5540.  4.478  -0.12   5.09   4.66   4.31   3.82   3.50   3.46   3.47   3.56
 1.050 5716.  4.440  -0.01   4.77   4.37   4.04   3.59   3.31   3.27   3.29   3.36
 1.100 5869.  4.397   0.10   4.48   4.10   3.79   3.38   3.11   3.08   3.10   3.17
 1.150 6015.  4.352   0.21   4.19   3.84   3.55   3.16   2.92   2.89   2.91   2.97
 1.200 6152.  4.309   0.31   3.93   3.59   3.32   2.96   2.73   2.71   2.73   2.78
 1.300 6374.  4.220   0.50   3.45   3.15   2.90   2.57   2.38   2.36   2.38   2.42
 1.400 6468.  4.115   0.66   3.04   2.75   2.51   2.20   2.02   1.99   2.02   2.05
--------------------------------------------------------------------------------



  log t (yr) = 9.4
--------------------------------------------------------------------------------
 m      Teff     g    log L   Mv     Mr     Mi     Mj     Mh     Mk     Ml'     Mm
--------------------------------------------------------------------------------
 0.600 3936.  4.710  -1.17   8.79   7.97   7.02   5.91   5.28   5.13   5.02   5.19
 0.700 4314.  4.654  -0.88   7.67   6.92   6.24   5.32   4.72   4.62   4.59   4.77
 0.750 4540.  4.629  -0.74   7.10   6.40   5.85   5.04   4.49   4.42   4.40   4.56
 0.800 4753.  4.601  -0.61   6.61   5.98   5.50   4.77   4.28   4.22   4.21   4.36
 0.850 4962.  4.571  -0.47   6.16   5.60   5.16   4.51   4.07   4.02   4.01   4.14
 0.900 5162.  4.538  -0.35   5.76   5.25   4.85   4.26   3.87   3.82   3.82   3.93
 0.950 5363.  4.504  -0.22   5.39   4.93   4.55   4.02   3.67   3.63   3.63   3.73
 1.000 5558.  4.469  -0.10   5.05   4.62   4.27   3.79   3.47   3.44   3.44   3.53
 1.050 5733.  4.426   0.01   4.72   4.33   4.00   3.55   3.27   3.24   3.25   3.33
 1.100 5887.  4.379   0.13   4.42   4.04   3.74   3.32   3.06   3.03   3.05   3.12
 1.150 6028.  4.331   0.24   4.13   3.78   3.49   3.10   2.86   2.83   2.85   2.91
 1.200 6157.  4.282   0.34   3.86   3.52   3.25   2.89   2.66   2.64   2.66   2.71
 1.300 6314.  4.175   0.52   3.38   3.07   2.81   2.48   2.28   2.26   2.28   2.32
 1.400 6197.  4.024   0.68   3.01   2.69   2.42   2.06   1.85   1.82   1.84   1.89
--------------------------------------------------------------------------------



  log t (yr) = 9.5
--------------------------------------------------------------------------------
 m      Teff     g    log L   Mv     Mr     Mi     Mj     Mh     Mk     Ml'     Mm
--------------------------------------------------------------------------------
 0.600 3938.  4.708  -1.16   8.78   7.96   7.01   5.90   5.27   5.12   5.02   5.18
 0.700 4320.  4.651  -0.88   7.65   6.90   6.23   5.31   4.71   4.61   4.58   4.76
 0.750 4549.  4.626  -0.74   7.08   6.38   5.84   5.03   4.48   4.41   4.39   4.55
 0.800 4764.  4.597  -0.60   6.58   5.95   5.48   4.76   4.27   4.20   4.19   4.34
 0.850 4976.  4.565  -0.46   6.13   5.57   5.14   4.49   4.05   4.00   3.99   4.12
 0.900 5177.  4.530  -0.34   5.73   5.22   4.82   4.23   3.84   3.80   3.79   3.91
 0.950 5381.  4.494  -0.21   5.35   4.89   4.51   3.98   3.64   3.60   3.60   3.70
 1.000 5581.  4.455  -0.08   4.99   4.57   4.22   3.74   3.43   3.40   3.40   3.49
 1.050 5753.  4.408   0.04   4.66   4.26   3.94   3.50   3.22   3.19   3.20   3.27
 1.100 5905.  4.355   0.16   4.34   3.97   3.67   3.26   3.00   2.97   2.98   3.05
 1.150 6041.  4.298   0.27   4.04   3.69   3.40   3.01   2.78   2.75   2.77   2.82
 1.200 6145.  4.241   0.38   3.76   3.43   3.15   2.79   2.56   2.54   2.56   2.61
 1.300 6124.  4.099   0.55   3.34   3.00   2.72   2.36   2.13   2.10   2.12   2.18
--------------------------------------------------------------------------------



  log t (yr) = 9.6
--------------------------------------------------------------------------------
 m      Teff     g    log L   Mv     Mr     Mi     Mj     Mh     Mk     Ml'     Mm
--------------------------------------------------------------------------------
 0.600 3942.  4.706  -1.16   8.77   7.95   7.00   5.89   5.26   5.11   5.01   5.18
 0.700 4329.  4.648  -0.87   7.62   6.87   6.21   5.30   4.70   4.60   4.57   4.75
 0.750 4560.  4.623  -0.73   7.05   6.35   5.82   5.01   4.47   4.39   4.38   4.54
 0.800 4777.  4.591  -0.59   6.54   5.92   5.45   4.74   4.25   4.19   4.18   4.32
 0.850 4992.  4.558  -0.45   6.09   5.54   5.10   4.46   4.03   3.98   3.97   4.10
 0.900 5199.  4.521  -0.32   5.68   5.17   4.78   4.20   3.81   3.77   3.76   3.88
 0.950 5409.  4.481  -0.19   5.28   4.83   4.46   3.94   3.60   3.56   3.56   3.66
 1.000 5609.  4.436  -0.06   4.91   4.50   4.16   3.68   3.38   3.34   3.35   3.44
 1.050 5780.  4.381   0.07   4.57   4.18   3.86   3.42   3.15   3.11   3.13   3.20
 1.100 5927.  4.318   0.20   4.23   3.87   3.56   3.16   2.90   2.87   2.89   2.95
 1.150 6033.  4.251   0.32   3.93   3.58   3.29   2.90   2.66   2.64   2.65   2.71
 1.200 6048.  4.179   0.41   3.69   3.34   3.05   2.67   2.43   2.41   2.42   2.48
--------------------------------------------------------------------------------



  log t (yr) = 9.7
--------------------------------------------------------------------------------
 m      Teff     g    log L   Mv     Mr     Mi     Mj     Mh     Mk     Ml'     Mm
--------------------------------------------------------------------------------
 0.600 3947.  4.704  -1.16   8.75   7.93   6.99   5.88   5.25   5.10   5.00   5.17
 0.700 4340.  4.645  -0.87   7.59   6.84   6.19   5.28   4.68   4.59   4.56   4.74
 0.750 4574.  4.617  -0.72   7.01   6.32   5.79   4.99   4.45   4.38   4.36   4.52
 0.800 4795.  4.585  -0.57   6.50   5.88   5.42   4.71   4.23   4.17   4.16   4.30
 0.850 5014.  4.549  -0.43   6.04   5.49   5.06   4.42   4.00   3.95   3.94   4.06
 0.900 5228.  4.508  -0.30   5.61   5.12   4.72   4.15   3.77   3.73   3.73   3.84
 0.950 5444.  4.463  -0.16   5.20   4.76   4.39   3.88   3.55   3.51   3.51   3.60
 1.000 5644.  4.410  -0.02   4.82   4.40   4.07   3.60   3.30   3.27   3.28   3.36
 1.050 5810.  4.341   0.12   4.44   4.05   3.74   3.31   3.04   3.01   3.02   3.09
 1.100 5924.  4.264   0.25   4.10   3.73   3.43   3.02   2.77   2.74   2.75   2.82
 1.150 5899.  4.183   0.35   3.87   3.50   3.19   2.78   2.52   2.49   2.51   2.58
--------------------------------------------------------------------------------



  log t (yr) = 9.8
--------------------------------------------------------------------------------
 m      Teff     g    log L   Mv     Mr     Mi     Mj     Mh     Mk     Ml'     Mm
--------------------------------------------------------------------------------
 0.600 3954.  4.701  -1.15   8.73   7.91   6.97   5.87   5.24   5.09   4.99   5.16
 0.700 4355.  4.641  -0.85   7.55   6.80   6.16   5.26   4.66   4.57   4.55   4.73
 0.750 4593.  4.611  -0.70   6.96   6.27   5.75   4.97   4.43   4.36   4.34   4.50
 0.800 4818.  4.576  -0.56   6.44   5.84   5.37   4.67   4.20   4.14   4.13   4.27
 0.850 5043.  4.536  -0.41   5.97   5.43   5.01   4.38   3.96   3.91   3.90   4.02
 0.900 5265.  4.490  -0.27   5.52   5.04   4.65   4.09   3.72   3.67   3.67   3.78
 0.950 5489.  4.436  -0.12   5.09   4.65   4.29   3.79   3.47   3.43   3.43   3.53
 1.000 5687.  4.367   0.04   4.67   4.27   3.93   3.48   3.19   3.15   3.16   3.24
 1.050 5816.  4.279   0.19   4.28   3.90   3.58   3.15   2.88   2.85   2.86   2.94
 1.100 5774.  4.186   0.29   4.03   3.64   3.32   2.89   2.61   2.58   2.59   2.67
--------------------------------------------------------------------------------



  log t (yr) = 9.9
--------------------------------------------------------------------------------
 m      Teff     g    log L   Mv     Mr     Mi     Mj     Mh     Mk     Ml'     Mm
--------------------------------------------------------------------------------
 0.600 3963.  4.697  -1.14   8.70   7.89   6.95   5.85   5.22   5.07   4.98   5.15
 0.700 4373.  4.635  -0.84   7.50   6.75   6.13   5.24   4.64   4.55   4.53   4.71
 0.750 4616.  4.603  -0.69   6.90   6.22   5.71   4.93   4.40   4.33   4.31   4.47
 0.800 4850.  4.564  -0.53   6.37   5.77   5.32   4.62   4.16   4.10   4.09   4.23
 0.850 5082.  4.518  -0.38   5.88   5.35   4.93   4.31   3.91   3.85   3.85   3.97
 0.900 5316.  4.464  -0.22   5.40   4.93   4.55   4.00   3.64   3.60   3.60   3.70
 0.950 5549.  4.394  -0.05   4.92   4.50   4.15   3.66   3.34   3.31   3.31   3.40
 1.000 5706.  4.296   0.11   4.47   4.07   3.74   3.29   3.00   2.97   2.98   3.06
--------------------------------------------------------------------------------
