Models of:

          -Baraffe, Chabrier, Allard, Hauschildt, 1998, A&A, 337, 403
"Evolutionary models for solar metallicity low-mass stars: mass-magnitude
relationships and color-magnitude diagrams"

          -Baraffe, Chabrier, Allard, Hauschildt, 2002,  A&A, 382, 563
"Evolutionary models for low-mass stars and brown dwarfs: uncertainties and
limits at very young ages"

NOTE 1: the atmosphere models used are GRAINLESS and do not extend
      below Teff < 1700K


m: mass in Msun
age in Gyr
R/Rs ----> Radius in Rsun
log L ---> log L/Lsun
absolute magnitudes VRI in Cousins System of Bessell
                    JHK  in CIT-system
                    L' in Johnson-Glass - M in Johnson system


[M/H]=0  Y=0.282  L_mix = 1.9 H_P (input required to fit the Sun)


  log t (yr) =   6.00
--------------------------------------------------------------------------------
 m      Teff   R/Rs    log L   Mv     Mr     Mi     Mj     Mh     Mk     Ml'     Mm
--------------------------------------------------------------------------------
 0.100 3016.  0.999  -1.14  10.56   9.37   7.69   5.53   4.89   4.57   4.19   4.37
 0.150 3145.  1.308  -0.83   9.61   8.49   6.85   4.79   4.11   3.82   3.52   3.71
 0.200 3225.  1.470  -0.68   9.17   8.08   6.46   4.44   3.73   3.47   3.22   3.43
 0.250 3275.  1.558  -0.61   8.94   7.87   6.25   4.26   3.51   3.28   3.06   3.28
 0.300 3317.  1.629  -0.55   8.75   7.70   6.08   4.12   3.35   3.13   2.94   3.17
 0.390 4044.  3.231   0.39   4.54   3.78   3.08   2.11   1.47   1.37   1.32   1.49
 0.400 3458.  1.796  -0.39   8.17   7.21   5.61   3.75   2.96   2.78   2.66   2.90
 0.450 3532.  1.837  -0.33   7.89   6.97   5.41   3.62   2.84   2.68   2.57   2.82
 0.500 3600.  1.899  -0.27   7.60   6.73   5.20   3.48   2.71   2.56   2.47   2.73
 0.550 3670.  1.954  -0.21   7.30   6.49   5.00   3.34   2.60   2.46   2.38   2.64
 0.600 3735.  2.003  -0.16   7.03   6.26   4.82   3.23   2.50   2.37   2.30   2.56
 0.700 3862.  2.097  -0.06   6.52   5.82   4.48   3.02   2.32   2.20   2.16   2.42
 0.750 3973.  2.131   0.00   5.83   5.08   4.15   3.00   2.33   2.22   2.17   2.38
 0.800 4099.  2.145   0.06   5.39   4.64   3.92   2.93   2.30   2.20   2.15   2.33
 0.850 4200.  2.180   0.12   5.12   4.39   3.75   2.83   2.22   2.13   2.09   2.26
 0.900 4253.  2.234   0.16   4.97   4.25   3.64   2.74   2.15   2.06   2.02   2.19
 0.950 4303.  2.283   0.20   4.82   4.12   3.53   2.66   2.08   2.00   1.96   2.12
 1.000 4350.  2.325   0.23   4.70   4.01   3.44   2.59   2.02   1.94   1.91   2.07
 1.050 4395.  2.380   0.27   4.56   3.88   3.33   2.51   1.96   1.88   1.84   2.00
 1.100 4438.  2.417   0.30   4.45   3.79   3.25   2.45   1.91   1.83   1.80   1.96
 1.150 4480.  2.465   0.34   4.34   3.69   3.17   2.38   1.85   1.78   1.75   1.90
 1.200 4521.  2.512   0.37   4.23   3.59   3.08   2.31   1.79   1.72   1.69   1.84
 1.300 4594.  2.602   0.43   4.03   3.42   2.93   2.19   1.69   1.63   1.60   1.75
 1.400 4663.  2.683   0.48   3.86   3.27   2.80   2.08   1.60   1.54   1.52   1.66
 1.500 4728.  2.785   0.54   3.68   3.11   2.65   1.96   1.50   1.44   1.42   1.56
--------------------------------------------------------------------------------



  log t (yr) =   6.10
--------------------------------------------------------------------------------
 m      Teff   R/Rs    log L   Mv     Mr     Mi     Mj     Mh     Mk     Ml'     Mm
--------------------------------------------------------------------------------
 0.100 3011.  0.976  -1.16  10.62   9.44   7.75   5.59   4.95   4.62   4.25   4.42
 0.150 3118.  1.212  -0.91   9.85   8.71   7.06   4.99   4.32   4.03   3.70   3.89
 0.200 3185.  1.308  -0.81   9.51   8.40   6.77   4.74   4.05   3.77   3.50   3.69
 0.250 3264.  1.416  -0.70   9.15   8.07   6.46   4.48   3.75   3.51   3.28   3.49
 0.300 3336.  1.510  -0.60   8.83   7.79   6.19   4.26   3.51   3.29   3.10   3.32
 0.390 4044.  3.231   0.39   4.54   3.78   3.08   2.11   1.47   1.37   1.32   1.49
 0.400 3475.  1.665  -0.45   8.24   7.28   5.72   3.90   3.13   2.95   2.82   3.05
 0.450 3543.  1.721  -0.38   7.95   7.04   5.51   3.76   2.99   2.83   2.71   2.96
 0.500 3606.  1.779  -0.32   7.68   6.82   5.31   3.62   2.86   2.71   2.61   2.86
 0.550 3672.  1.830  -0.27   7.41   6.59   5.12   3.49   2.75   2.61   2.53   2.78
 0.600 3734.  1.865  -0.22   7.16   6.38   4.96   3.39   2.66   2.53   2.46   2.71
 0.700 3859.  1.964  -0.12   6.65   5.93   4.61   3.17   2.47   2.35   2.30   2.56
 0.750 3967.  1.995  -0.06   6.03   5.28   4.31   3.13   2.46   2.35   2.30   2.51
 0.800 4086.  2.009   0.00   5.60   4.84   4.09   3.08   2.43   2.33   2.28   2.46
 0.850 4176.  2.041   0.05   5.35   4.61   3.93   2.98   2.36   2.26   2.22   2.40
 0.900 4239.  2.090   0.10   5.16   4.44   3.80   2.89   2.28   2.19   2.15   2.33
 0.950 4288.  2.126   0.13   5.03   4.32   3.71   2.82   2.23   2.14   2.10   2.27
 1.000 4337.  2.176   0.17   4.89   4.19   3.60   2.73   2.16   2.07   2.04   2.21
 1.050 4382.  2.215   0.20   4.76   4.07   3.51   2.66   2.10   2.02   1.99   2.15
 1.100 4427.  2.261   0.24   4.63   3.96   3.41   2.59   2.04   1.96   1.93   2.09
 1.150 4469.  2.295   0.27   4.53   3.87   3.34   2.53   1.99   1.92   1.89   2.05
 1.200 4510.  2.339   0.30   4.42   3.77   3.25   2.46   1.94   1.86   1.84   1.99
 1.300 4588.  2.422   0.36   4.21   3.59   3.09   2.34   1.83   1.77   1.74   1.89
 1.400 4659.  2.498   0.42   4.04   3.44   2.96   2.23   1.74   1.68   1.66   1.80
 1.500 4727.  2.593   0.47   3.85   3.27   2.81   2.11   1.64   1.58   1.56   1.70
--------------------------------------------------------------------------------



  log t (yr) =   6.20
--------------------------------------------------------------------------------
 m      Teff   R/Rs    log L   Mv     Mr     Mi     Mj     Mh     Mk     Ml'     Mm
--------------------------------------------------------------------------------
 0.100 3004.  0.938  -1.20  10.73   9.54   7.86   5.68   5.05   4.72   4.34   4.51
 0.150 3098.  1.071  -1.03  10.13   8.99   7.35   5.28   4.63   4.33   3.99   4.17
 0.200 3187.  1.189  -0.89   9.66   8.56   6.94   4.95   4.27   3.99   3.71   3.90
 0.250 3276.  1.287  -0.77   9.26   8.20   6.61   4.68   3.96   3.72   3.48   3.69
 0.300 3354.  1.386  -0.67   8.91   7.89   6.31   4.43   3.69   3.47   3.28   3.50
 0.390 4044.  3.231   0.39   4.54   3.78   3.08   2.11   1.47   1.37   1.32   1.49
 0.400 3487.  1.527  -0.52   8.33   7.38   5.85   4.08   3.32   3.14   3.00   3.23
 0.450 3552.  1.595  -0.45   8.04   7.14   5.63   3.92   3.16   3.00   2.88   3.11
 0.500 3611.  1.649  -0.39   7.79   6.92   5.44   3.79   3.04   2.88   2.78   3.02
 0.550 3672.  1.715  -0.33   7.51   6.69   5.24   3.64   2.90   2.75   2.67   2.92
 0.600 3732.  1.748  -0.28   7.28   6.49   5.09   3.54   2.81   2.67   2.60   2.85
 0.700 3856.  1.839  -0.18   6.78   6.05   4.75   3.32   2.62   2.50   2.45   2.70
 0.750 3955.  1.868  -0.12   6.27   5.52   4.49   3.27   2.59   2.47   2.43   2.65
 0.800 4074.  1.880  -0.06   5.80   5.04   4.25   3.22   2.57   2.46   2.41   2.60
 0.850 4156.  1.911  -0.02   5.57   4.82   4.10   3.13   2.50   2.40   2.35   2.54
 0.900 4223.  1.946   0.03   5.38   4.65   3.98   3.04   2.43   2.33   2.29   2.48
 0.950 4275.  1.990   0.07   5.23   4.51   3.87   2.96   2.36   2.27   2.23   2.41
 1.000 4323.  2.026   0.10   5.09   4.39   3.77   2.89   2.30   2.21   2.18   2.36
 1.050 4368.  2.062   0.14   4.97   4.27   3.68   2.82   2.24   2.16   2.13   2.30
 1.100 4413.  2.106   0.17   4.83   4.15   3.58   2.74   2.18   2.10   2.07   2.24
 1.150 4458.  2.148   0.21   4.71   4.04   3.49   2.67   2.12   2.05   2.02   2.19
 1.200 4500.  2.177   0.24   4.61   3.95   3.42   2.62   2.08   2.00   1.98   2.14
 1.300 4581.  2.255   0.30   4.40   3.76   3.26   2.49   1.97   1.90   1.88   2.04
 1.400 4657.  2.338   0.36   4.20   3.59   3.10   2.36   1.87   1.80   1.78   1.94
 1.500 4728.  2.420   0.41   4.02   3.43   2.96   2.25   1.77   1.71   1.69   1.84
--------------------------------------------------------------------------------



  log t (yr) =   6.30
--------------------------------------------------------------------------------
 m      Teff   R/Rs    log L   Mv     Mr     Mi     Mj     Mh     Mk     Ml'     Mm
--------------------------------------------------------------------------------
 0.100 3010.  0.863  -1.27  10.87   9.68   8.00   5.86   5.23   4.90   4.52   4.69
 0.150 3100.  0.965  -1.12  10.30   9.16   7.54   5.51   4.87   4.56   4.22   4.39
 0.200 3188.  1.082  -0.97   9.81   8.71   7.11   5.16   4.49   4.21   3.92   4.10
 0.250 3284.  1.182  -0.84   9.37   8.32   6.75   4.86   4.16   3.91   3.67   3.87
 0.300 3366.  1.273  -0.74   9.00   7.99   6.44   4.61   3.89   3.66   3.46   3.67
 0.390 4044.  3.231   0.39   4.54   3.78   3.08   2.11   1.47   1.37   1.32   1.49
 0.400 3493.  1.416  -0.58   8.42   7.48   5.97   4.25   3.50   3.31   3.17   3.39
 0.450 3556.  1.479  -0.51   8.14   7.24   5.76   4.09   3.34   3.17   3.05   3.27
 0.500 3612.  1.545  -0.44   7.89   7.02   5.56   3.93   3.19   3.03   2.92   3.16
 0.550 3671.  1.589  -0.39   7.64   6.81   5.39   3.81   3.07   2.93   2.84   3.08
 0.600 3728.  1.630  -0.34   7.41   6.61   5.23   3.71   2.97   2.83   2.76   3.00
 0.700 3849.  1.714  -0.24   6.92   6.18   4.90   3.49   2.78   2.66   2.61   2.85
 0.750 3932.  1.741  -0.19   6.55   5.81   4.70   3.42   2.73   2.61   2.56   2.80
 0.800 4059.  1.752  -0.13   6.03   5.26   4.43   3.37   2.71   2.60   2.55   2.75
 0.850 4136.  1.780  -0.09   5.80   5.05   4.29   3.28   2.64   2.54   2.50   2.69
 0.900 4204.  1.813  -0.04   5.60   4.86   4.16   3.20   2.57   2.48   2.44   2.63
 0.950 4258.  1.853   0.00   5.44   4.71   4.05   3.12   2.50   2.41   2.37   2.56
 1.000 4308.  1.886   0.04   5.30   4.59   3.95   3.04   2.45   2.36   2.32   2.51
 1.050 4355.  1.931   0.07   5.16   4.45   3.84   2.96   2.38   2.29   2.26   2.44
 1.100 4399.  1.960   0.11   5.03   4.34   3.76   2.90   2.33   2.24   2.21   2.39
 1.150 4446.  1.999   0.14   4.91   4.23   3.66   2.83   2.27   2.19   2.16   2.34
 1.200 4492.  2.038   0.17   4.79   4.12   3.57   2.76   2.21   2.13   2.11   2.28
 1.300 4577.  2.100   0.23   4.58   3.93   3.42   2.64   2.11   2.04   2.02   2.19
 1.400 4658.  2.174   0.29   4.37   3.75   3.26   2.51   2.01   1.94   1.92   2.09
 1.500 4735.  2.260   0.36   4.17   3.57   3.10   2.38   1.90   1.84   1.82   1.98
--------------------------------------------------------------------------------



  log t (yr) =   6.40
--------------------------------------------------------------------------------
 m      Teff   R/Rs    log L   Mv     Mr     Mi     Mj     Mh     Mk     Ml'     Mm
--------------------------------------------------------------------------------
 0.100 3023.  0.755  -1.38  11.06   9.89   8.23   6.14   5.51   5.19   4.80   4.97
 0.150 3108.  0.870  -1.20  10.46   9.33   7.72   5.73   5.09   4.79   4.44   4.61
 0.200 3192.  0.984  -1.05   9.94   8.85   7.28   5.37   4.71   4.43   4.12   4.30
 0.250 3288.  1.085  -0.91   9.48   8.44   6.89   5.05   4.36   4.11   3.86   4.04
 0.300 3372.  1.168  -0.81   9.11   8.10   6.58   4.80   4.09   3.86   3.65   3.85
 0.390 4044.  3.231   0.39   4.54   3.78   3.08   2.11   1.47   1.37   1.32   1.49
 0.400 3496.  1.313  -0.64   8.52   7.58   6.10   4.41   3.68   3.49   3.34   3.55
 0.450 3557.  1.371  -0.57   8.26   7.35   5.90   4.26   3.52   3.34   3.21   3.43
 0.500 3611.  1.432  -0.51   8.01   7.14   5.71   4.11   3.37   3.20   3.09   3.32
 0.550 3669.  1.489  -0.45   7.76   6.92   5.52   3.97   3.23   3.08   2.98   3.22
 0.600 3723.  1.520  -0.41   7.55   6.73   5.38   3.87   3.14   2.99   2.92   3.15
 0.700 3842.  1.606  -0.30   7.06   6.30   5.04   3.65   2.93   2.81   2.75   2.99
 0.750 3899.  1.623  -0.27   6.86   6.12   4.92   3.58   2.87   2.75   2.71   2.95
 0.800 4044.  1.633  -0.20   6.25   5.48   4.61   3.52   2.85   2.74   2.69   2.89
 0.850 4116.  1.659  -0.16   6.04   5.28   4.48   3.44   2.79   2.68   2.64   2.83
 0.900 4181.  1.689  -0.11   5.84   5.09   4.35   3.36   2.72   2.62   2.58   2.77
 0.950 4239.  1.726  -0.07   5.66   4.92   4.23   3.27   2.65   2.55   2.52   2.71
 1.000 4292.  1.767  -0.03   5.50   4.77   4.11   3.19   2.58   2.49   2.45   2.64
 1.050 4342.  1.798   0.01   5.36   4.64   4.02   3.12   2.52   2.43   2.40   2.59
 1.100 4389.  1.835   0.04   5.22   4.51   3.92   3.04   2.46   2.37   2.34   2.53
 1.150 4437.  1.861   0.07   5.10   4.41   3.83   2.98   2.41   2.33   2.30   2.49
 1.200 4485.  1.899   0.11   4.97   4.29   3.73   2.90   2.35   2.27   2.24   2.43
 1.300 4578.  1.967   0.18   4.73   4.08   3.56   2.77   2.23   2.17   2.14   2.32
 1.400 4667.  2.035   0.24   4.52   3.89   3.40   2.64   2.13   2.07   2.05   2.22
 1.500 4751.  2.116   0.31   4.30   3.70   3.23   2.50   2.02   1.96   1.94   2.11
--------------------------------------------------------------------------------



  log t (yr) =   6.50
--------------------------------------------------------------------------------
 m      Teff   R/Rs    log L   Mv     Mr     Mi     Mj     Mh     Mk     Ml'     Mm
--------------------------------------------------------------------------------
 0.100 3037.  0.674  -1.47  11.22  10.05   8.42   6.37   5.75   5.43   5.05   5.20
 0.150 3123.  0.792  -1.28  10.57   9.45   7.87   5.92   5.29   4.99   4.64   4.80
 0.200 3201.  0.905  -1.12  10.05   8.97   7.41   5.54   4.90   4.61   4.31   4.47
 0.250 3293.  0.997  -0.99   9.59   8.55   7.03   5.23   4.56   4.30   4.04   4.22
 0.300 3373.  1.072  -0.88   9.23   8.22   6.73   4.99   4.30   4.06   3.84   4.03
 0.390 4044.  3.231   0.39   4.54   3.78   3.08   2.11   1.47   1.37   1.32   1.49
 0.400 3497.  1.218  -0.71   8.63   7.69   6.23   4.58   3.86   3.67   3.50   3.71
 0.450 3556.  1.271  -0.64   8.38   7.47   6.04   4.43   3.70   3.52   3.38   3.59
 0.500 3606.  1.327  -0.58   8.15   7.26   5.86   4.28   3.55   3.38   3.26   3.48
 0.550 3663.  1.380  -0.52   7.90   7.05   5.67   4.14   3.41   3.25   3.15   3.38
 0.600 3716.  1.417  -0.47   7.69   6.86   5.52   4.04   3.30   3.16   3.08   3.30
 0.700 3834.  1.498  -0.37   7.21   6.44   5.20   3.81   3.09   2.97   2.91   3.15
 0.750 3892.  1.521  -0.33   7.00   6.24   5.06   3.73   3.02   2.90   2.86   3.09
 0.800 4030.  1.522  -0.27   6.47   5.70   4.79   3.68   3.00   2.88   2.83   3.04
 0.850 4097.  1.547  -0.22   6.27   5.51   4.66   3.59   2.93   2.82   2.78   2.98
 0.900 4160.  1.574  -0.18   6.07   5.32   4.54   3.51   2.87   2.76   2.72   2.92
 0.950 4219.  1.608  -0.14   5.88   5.14   4.41   3.43   2.79   2.69   2.66   2.86
 1.000 4276.  1.646  -0.10   5.71   4.98   4.29   3.34   2.72   2.63   2.59   2.79
 1.050 4329.  1.674  -0.06   5.56   4.84   4.19   3.27   2.67   2.57   2.54   2.74
 1.100 4380.  1.711  -0.02   5.41   4.69   4.08   3.19   2.60   2.51   2.48   2.68
 1.150 4433.  1.740   0.01   5.27   4.57   3.98   3.12   2.54   2.46   2.44   2.63
 1.200 4486.  1.771   0.05   5.14   4.45   3.89   3.05   2.49   2.41   2.38   2.57
 1.300 4589.  1.843   0.12   4.87   4.21   3.69   2.90   2.36   2.29   2.27   2.45
 1.400 4686.  1.911   0.19   4.64   4.01   3.51   2.76   2.25   2.19   2.17   2.35
 1.500 4783.  1.991   0.26   4.40   3.80   3.33   2.61   2.13   2.07   2.05   2.23
--------------------------------------------------------------------------------



  log t (yr) =   6.60
--------------------------------------------------------------------------------
 m      Teff   R/Rs    log L   Mv     Mr     Mi     Mj     Mh     Mk     Ml'     Mm
--------------------------------------------------------------------------------
 0.100 3057.  0.601  -1.55  11.35  10.20   8.59   6.60   5.99   5.66   5.29   5.44
 0.150 3146.  0.721  -1.35  10.66   9.55   7.99   6.10   5.48   5.18   4.84   4.99
 0.200 3218.  0.832  -1.18  10.14   9.07   7.54   5.71   5.07   4.79   4.49   4.65
 0.250 3301.  0.916  -1.05   9.70   8.67   7.17   5.41   4.76   4.50   4.23   4.40
 0.300 3372.  0.995  -0.95   9.33   8.34   6.86   5.16   4.49   4.24   4.01   4.19
 0.390 4044.  3.231   0.39   4.54   3.78   3.08   2.11   1.47   1.37   1.32   1.49
 0.400 3495.  1.130  -0.77   8.74   7.80   6.37   4.75   4.05   3.84   3.67   3.86
 0.450 3552.  1.179  -0.71   8.50   7.59   6.18   4.60   3.89   3.70   3.55   3.75
 0.500 3600.  1.231  -0.65   8.28   7.39   6.01   4.46   3.73   3.56   3.43   3.64
 0.550 3655.  1.279  -0.59   8.05   7.18   5.83   4.32   3.59   3.43   3.33   3.54
 0.600 3704.  1.315  -0.54   7.85   7.01   5.69   4.22   3.48   3.33   3.25   3.47
 0.700 3821.  1.389  -0.44   7.38   6.59   5.37   4.00   3.27   3.14   3.08   3.31
 0.750 3883.  1.419  -0.39   7.15   6.38   5.21   3.90   3.18   3.06   3.01   3.24
 0.800 4012.  1.420  -0.33   6.68   5.91   4.97   3.83   3.15   3.03   2.98   3.19
 0.850 4079.  1.442  -0.29   6.48   5.71   4.84   3.76   3.09   2.98   2.93   3.13
 0.900 4144.  1.475  -0.25   6.26   5.50   4.70   3.66   3.01   2.91   2.87   3.07
 0.950 4203.  1.507  -0.20   6.06   5.31   4.57   3.58   2.94   2.84   2.80   3.00
 1.000 4264.  1.534  -0.16   5.89   5.15   4.46   3.50   2.88   2.78   2.75   2.95
 1.050 4322.  1.565  -0.12   5.73   5.00   4.34   3.42   2.81   2.72   2.69   2.89
 1.100 4379.  1.602  -0.08   5.56   4.84   4.22   3.34   2.74   2.66   2.63   2.82
 1.150 4438.  1.627  -0.04   5.41   4.70   4.12   3.26   2.69   2.60   2.58   2.77
 1.200 4497.  1.661   0.00   5.26   4.57   4.01   3.18   2.62   2.54   2.52   2.71
 1.300 4611.  1.727   0.08   4.97   4.32   3.81   3.03   2.49   2.43   2.41   2.59
 1.400 4722.  1.803   0.16   4.71   4.09   3.60   2.86   2.36   2.30   2.28   2.46
 1.500 4850.  1.882   0.24   4.43   3.84   3.39   2.69   2.23   2.17   2.16   2.32
--------------------------------------------------------------------------------



  log t (yr) =   6.70
--------------------------------------------------------------------------------
 m      Teff   R/Rs    log L   Mv     Mr     Mi     Mj     Mh     Mk     Ml'     Mm
--------------------------------------------------------------------------------
 0.100 3084.  0.542  -1.63  11.44  10.31   8.72   6.80   6.19   5.87   5.50   5.65
 0.150 3184.  0.655  -1.41  10.70   9.62   8.09   6.27   5.66   5.36   5.03   5.18
 0.200 3245.  0.756  -1.25  10.21   9.16   7.66   5.89   5.27   4.99   4.68   4.84
 0.250 3311.  0.841  -1.12   9.79   8.77   7.30   5.59   4.95   4.69   4.41   4.57
 0.300 3371.  0.914  -1.02   9.45   8.46   7.01   5.35   4.70   4.45   4.20   4.37
 0.390 4044.  3.231   0.39   4.54   3.78   3.08   2.11   1.47   1.37   1.32   1.49
 0.400 3490.  1.048  -0.84   8.86   7.92   6.51   4.93   4.24   4.03   3.84   4.03
 0.450 3550.  1.093  -0.77   8.62   7.71   6.32   4.77   4.07   3.88   3.72   3.91
 0.500 3600.  1.141  -0.71   8.40   7.51   6.15   4.63   3.91   3.73   3.60   3.80
 0.550 3655.  1.196  -0.65   8.16   7.29   5.96   4.48   3.75   3.59   3.48   3.68
 0.600 3704.  1.227  -0.60   7.97   7.12   5.82   4.38   3.65   3.49   3.40   3.61
 0.700 3821.  1.296  -0.50   7.51   6.71   5.50   4.15   3.43   3.30   3.23   3.46
 0.750 3882.  1.323  -0.45   7.29   6.51   5.36   4.06   3.35   3.22   3.17   3.39
 0.800 3987.  1.324  -0.41   6.91   6.13   5.16   4.00   3.31   3.19   3.14   3.35
 0.850 4063.  1.352  -0.36   6.66   5.89   5.00   3.91   3.24   3.12   3.08   3.28
 0.900 4129.  1.376  -0.31   6.45   5.69   4.87   3.83   3.17   3.06   3.02   3.22
 0.950 4192.  1.408  -0.27   6.24   5.49   4.73   3.73   3.09   2.99   2.95   3.15
 1.000 4257.  1.438  -0.22   6.05   5.31   4.60   3.65   3.02   2.93   2.89   3.09
 1.050 4322.  1.470  -0.18   5.87   5.13   4.48   3.56   2.95   2.86   2.83   3.02
 1.100 4386.  1.497  -0.13   5.69   4.97   4.36   3.48   2.89   2.80   2.77   2.96
 1.150 4452.  1.532  -0.09   5.52   4.81   4.24   3.39   2.81   2.73   2.71   2.89
 1.200 4520.  1.564  -0.04   5.35   4.67   4.12   3.30   2.74   2.67   2.64   2.83
 1.300 4652.  1.632   0.04   5.03   4.39   3.89   3.12   2.60   2.54   2.52   2.69
 1.400 4786.  1.711   0.13   4.72   4.12   3.65   2.94   2.45   2.40   2.38   2.55
 1.500 4961.  1.799   0.24   4.37   3.82   3.38   2.73   2.29   2.24   2.22   2.37
--------------------------------------------------------------------------------



  log t (yr) =   6.80
--------------------------------------------------------------------------------
 m      Teff   R/Rs    log L   Mv     Mr     Mi     Mj     Mh     Mk     Ml'     Mm
--------------------------------------------------------------------------------
 0.100 3095.  0.493  -1.71  11.58  10.45   8.89   6.99   6.39   6.08   5.70   5.85
 0.150 3194.  0.602  -1.48  10.82   9.74   8.23   6.45   5.84   5.54   5.21   5.35
 0.200 3253.  0.694  -1.32  10.34   9.29   7.81   6.07   5.45   5.17   4.87   5.02
 0.250 3310.  0.772  -1.20   9.94   8.93   7.46   5.78   5.15   4.88   4.60   4.76
 0.300 3366.  0.848  -1.09   9.60   8.60   7.16   5.52   4.88   4.62   4.37   4.53
 0.390 4044.  3.231   0.39   4.54   3.78   3.08   2.11   1.47   1.37   1.32   1.49
 0.400 3488.  0.961  -0.92   9.02   8.08   6.68   5.12   4.45   4.23   4.03   4.21
 0.450 3550.  1.019  -0.84   8.74   7.82   6.45   4.93   4.24   4.04   3.87   4.06
 0.500 3604.  1.069  -0.77   8.50   7.61   6.27   4.77   4.07   3.89   3.75   3.94
 0.550 3660.  1.111  -0.71   8.27   7.40   6.09   4.64   3.92   3.75   3.64   3.84
 0.600 3709.  1.139  -0.66   8.08   7.24   5.96   4.54   3.82   3.67   3.56   3.77
 0.700 3819.  1.209  -0.56   7.64   6.83   5.64   4.31   3.60   3.46   3.39   3.61
 0.750 3878.  1.234  -0.52   7.43   6.64   5.50   4.22   3.51   3.38   3.32   3.54
 0.800 3963.  1.242  -0.47   7.13   6.35   5.34   4.15   3.47   3.34   3.29   3.49
 0.850 4047.  1.262  -0.42   6.85   6.07   5.17   4.07   3.40   3.28   3.23   3.43
 0.900 4119.  1.289  -0.37   6.62   5.85   5.02   3.97   3.32   3.21   3.17   3.36
 0.950 4187.  1.317  -0.33   6.40   5.65   4.88   3.88   3.24   3.14   3.10   3.30
 1.000 4261.  1.349  -0.28   6.19   5.44   4.74   3.78   3.16   3.06   3.03   3.22
 1.050 4334.  1.379  -0.23   5.98   5.25   4.60   3.69   3.08   2.99   2.96   3.15
 1.100 4409.  1.410  -0.18   5.78   5.06   4.46   3.59   3.01   2.92   2.90   3.08
 1.150 4486.  1.444  -0.13   5.59   4.89   4.33   3.49   2.93   2.85   2.83   3.01
 1.200 4567.  1.475  -0.08   5.40   4.72   4.20   3.40   2.85   2.78   2.76   2.94
 1.300 4727.  1.549   0.03   5.03   4.41   3.93   3.19   2.69   2.63   2.61   2.78
 1.400 4923.  1.637   0.14   4.63   4.07   3.62   2.95   2.51   2.45   2.44   2.59
 1.500 5144.  1.740   0.27   4.21   3.71   3.30   2.70   2.31   2.26   2.25   2.38
--------------------------------------------------------------------------------



  log t (yr) =   6.90
--------------------------------------------------------------------------------
 m      Teff   R/Rs    log L   Mv     Mr     Mi     Mj     Mh     Mk     Ml'     Mm
--------------------------------------------------------------------------------
 0.100 3099.  0.448  -1.78  11.75  10.63   9.07   7.20   6.60   6.28   5.91   6.05
 0.150 3198.  0.547  -1.56  10.99   9.92   8.42   6.65   6.04   5.75   5.42   5.56
 0.200 3259.  0.637  -1.39  10.48   9.44   7.97   6.25   5.64   5.36   5.05   5.20
 0.250 3312.  0.717  -1.26  10.08   9.06   7.61   5.94   5.32   5.05   4.77   4.92
 0.300 3363.  0.778  -1.16   9.76   8.77   7.34   5.71   5.08   4.82   4.56   4.71
 0.390 4044.  3.231   0.39   4.54   3.78   3.08   2.11   1.47   1.37   1.32   1.49
 0.400 3484.  0.898  -0.98   9.14   8.20   6.82   5.27   4.61   4.39   4.19   4.36
 0.450 3547.  0.945  -0.90   8.87   7.96   6.61   5.10   4.43   4.22   4.04   4.22
 0.500 3604.  0.991  -0.83   8.63   7.74   6.41   4.94   4.25   4.06   3.92   4.10
 0.550 3660.  1.031  -0.77   8.40   7.53   6.24   4.80   4.11   3.93   3.80   4.00
 0.600 3709.  1.057  -0.73   8.21   7.36   6.10   4.71   4.00   3.84   3.73   3.93
 0.700 3815.  1.123  -0.63   7.78   6.97   5.80   4.48   3.78   3.64   3.56   3.76
 0.750 3873.  1.151  -0.58   7.57   6.77   5.65   4.38   3.68   3.55   3.48   3.69
 0.800 3948.  1.161  -0.54   7.31   6.53   5.51   4.31   3.63   3.50   3.44   3.65
 0.850 4036.  1.184  -0.48   7.01   6.23   5.32   4.21   3.54   3.42   3.37   3.57
 0.900 4116.  1.209  -0.43   6.77   6.00   5.16   4.11   3.46   3.35   3.31   3.50
 0.950 4193.  1.240  -0.38   6.52   5.76   5.00   4.01   3.37   3.26   3.23   3.42
 1.000 4280.  1.270  -0.32   6.28   5.54   4.84   3.90   3.28   3.19   3.15   3.35
 1.050 4367.  1.299  -0.26   6.04   5.31   4.69   3.80   3.20   3.11   3.08   3.27
 1.100 4459.  1.330  -0.21   5.82   5.11   4.54   3.69   3.11   3.03   3.01   3.19
 1.150 4552.  1.365  -0.15   5.59   4.91   4.38   3.57   3.02   2.95   2.93   3.11
 1.200 4649.  1.401  -0.09   5.37   4.72   4.22   3.46   2.93   2.87   2.85   3.02
 1.300 4856.  1.490   0.04   4.93   4.34   3.89   3.20   2.73   2.68   2.66   2.82
 1.400 5131.  1.594   0.19   4.42   3.91   3.50   2.90   2.50   2.45   2.45   2.57
 1.500 5433.  1.743   0.37   3.89   3.44   3.08   2.56   2.23   2.19   2.19   2.29
--------------------------------------------------------------------------------



  log t (yr) =   7.00
--------------------------------------------------------------------------------
 m      Teff   R/Rs    log L   Mv     Mr     Mi     Mj     Mh     Mk     Ml'     Mm
--------------------------------------------------------------------------------
 0.100 3102.  0.408  -1.87  11.92  10.80   9.25   7.40   6.80   6.49   6.11   6.25
 0.150 3201.  0.503  -1.63  11.14  10.07   8.58   6.83   6.23   5.94   5.60   5.74
 0.200 3266.  0.585  -1.46  10.62   9.58   8.12   6.43   5.83   5.54   5.24   5.38
 0.250 3317.  0.658  -1.33  10.22   9.21   7.77   6.13   5.51   5.24   4.95   5.10
 0.300 3364.  0.723  -1.23   9.89   8.90   7.48   5.87   5.25   4.99   4.72   4.87
 0.390 4044.  3.231   0.39   4.54   3.78   3.08   2.11   1.47   1.37   1.32   1.49
 0.400 3481.  0.832  -1.05   9.28   8.34   6.97   5.45   4.80   4.57   4.36   4.52
 0.450 3542.  0.876  -0.97   9.02   8.10   6.76   5.28   4.62   4.40   4.22   4.39
 0.500 3598.  0.918  -0.90   8.77   7.88   6.57   5.12   4.45   4.25   4.09   4.27
 0.550 3655.  0.954  -0.84   8.54   7.67   6.39   4.98   4.30   4.12   3.98   4.16
 0.600 3705.  0.981  -0.79   8.35   7.49   6.25   4.88   4.19   4.02   3.90   4.09
 0.700 3812.  1.047  -0.69   7.92   7.10   5.94   4.64   3.95   3.80   3.71   3.91
 0.750 3871.  1.076  -0.64   7.70   6.90   5.79   4.53   3.84   3.70   3.63   3.84
 0.800 3945.  1.091  -0.59   7.45   6.66   5.64   4.45   3.77   3.64   3.58   3.78
 0.850 4036.  1.113  -0.54   7.14   6.36   5.45   4.35   3.68   3.56   3.51   3.70
 0.900 4126.  1.142  -0.48   6.87   6.10   5.27   4.23   3.58   3.47   3.43   3.62
 0.950 4220.  1.168  -0.42   6.59   5.84   5.10   4.12   3.49   3.39   3.35   3.54
 1.000 4325.  1.199  -0.35   6.31   5.57   4.91   4.00   3.39   3.30   3.27   3.46
 1.050 4433.  1.230  -0.29   6.03   5.32   4.73   3.87   3.29   3.21   3.19   3.37
 1.100 4542.  1.267  -0.22   5.78   5.09   4.55   3.74   3.19   3.12   3.10   3.27
 1.150 4661.  1.304  -0.15   5.51   4.87   4.37   3.60   3.09   3.02   3.00   3.17
 1.200 4784.  1.348  -0.07   5.25   4.64   4.17   3.46   2.97   2.91   2.90   3.06
 1.300 5094.  1.454   0.10   4.67   4.15   3.73   3.12   2.71   2.66   2.65   2.78
 1.400 5475.  1.608   0.31   4.02   3.58   3.22   2.71   2.39   2.35   2.35   2.45
 1.500 5884.  1.898   0.58   3.28   2.91   2.60   2.18   1.93   1.89   1.91   1.98
--------------------------------------------------------------------------------



  log t (yr) =   7.10
--------------------------------------------------------------------------------
 m      Teff   R/Rs    log L   Mv     Mr     Mi     Mj     Mh     Mk     Ml'     Mm
--------------------------------------------------------------------------------
 0.100 3104.  0.375  -1.94  12.08  10.97   9.42   7.58   6.99   6.67   6.30   6.44
 0.150 3204.  0.462  -1.70  11.29  10.23   8.75   7.02   6.42   6.12   5.79   5.93
 0.200 3273.  0.543  -1.52  10.74   9.71   8.26   6.59   5.99   5.71   5.40   5.54
 0.250 3325.  0.609  -1.40  10.34   9.33   7.91   6.29   5.68   5.41   5.12   5.26
 0.300 3370.  0.670  -1.29  10.01   9.02   7.62   6.03   5.42   5.16   4.89   5.03
 0.390 4044.  3.231   0.39   4.54   3.78   3.08   2.11   1.47   1.37   1.32   1.49
 0.400 3480.  0.770  -1.11   9.42   8.48   7.12   5.62   4.98   4.75   4.53   4.69
 0.450 3537.  0.811  -1.04   9.16   8.24   6.92   5.45   4.80   4.59   4.39   4.55
 0.500 3591.  0.846  -0.98   8.92   8.03   6.73   5.31   4.65   4.45   4.27   4.44
 0.550 3646.  0.881  -0.92   8.70   7.82   6.56   5.17   4.50   4.31   4.16   4.34
 0.600 3697.  0.915  -0.86   8.48   7.62   6.40   5.04   4.37   4.19   4.05   4.24
 0.700 3811.  0.975  -0.75   8.05   7.22   6.08   4.80   4.12   3.97   3.87   4.07
 0.750 3873.  1.007  -0.69   7.82   7.01   5.92   4.68   3.99   3.86   3.78   3.98
 0.800 3953.  1.024  -0.65   7.55   6.76   5.76   4.59   3.91   3.78   3.72   3.91
 0.850 4051.  1.050  -0.58   7.23   6.45   5.56   4.47   3.80   3.68   3.63   3.82
 0.900 4157.  1.079  -0.51   6.91   6.15   5.35   4.33   3.69   3.58   3.54   3.73
 0.950 4281.  1.108  -0.44   6.58   5.83   5.14   4.20   3.58   3.48   3.45   3.64
 1.000 4408.  1.140  -0.36   6.25   5.52   4.92   4.05   3.47   3.38   3.36   3.54
 1.050 4543.  1.176  -0.28   5.94   5.25   4.71   3.90   3.35   3.28   3.26   3.43
 1.100 4690.  1.215  -0.20   5.62   4.98   4.49   3.74   3.23   3.16   3.15   3.31
 1.150 4848.  1.263  -0.11   5.30   4.71   4.25   3.56   3.09   3.04   3.02   3.17
 1.200 5038.  1.318   0.00   4.95   4.41   3.99   3.36   2.94   2.89   2.88   3.01
 1.300 5482.  1.468   0.24   4.21   3.77   3.41   2.91   2.58   2.54   2.55   2.65
 1.400 6003.  1.765   0.55   3.33   2.98   2.69   2.30   2.06   2.03   2.04   2.11
 1.500 6759.  1.918   0.83   2.59   2.34   2.13   1.86   1.71   1.69   1.72   1.74
--------------------------------------------------------------------------------



  log t (yr) =   7.20
--------------------------------------------------------------------------------
 m      Teff   R/Rs    log L   Mv     Mr     Mi     Mj     Mh     Mk     Ml'     Mm
--------------------------------------------------------------------------------
 0.100 3104.  0.341  -2.02  12.27  11.16   9.61   7.79   7.20   6.89   6.51   6.65
 0.150 3211.  0.424  -1.77  11.44  10.38   8.90   7.20   6.60   6.31   5.97   6.11
 0.200 3282.  0.498  -1.59  10.87   9.85   8.41   6.77   6.17   5.89   5.58   5.72
 0.250 3336.  0.564  -1.46  10.45   9.45   8.04   6.45   5.84   5.57   5.28   5.43
 0.300 3382.  0.620  -1.35  10.12   9.14   7.75   6.19   5.58   5.32   5.05   5.20
 0.390 4044.  3.231   0.39   4.54   3.78   3.08   2.11   1.47   1.37   1.32   1.49
 0.400 3482.  0.713  -1.18   9.55   8.61   7.27   5.79   5.16   4.93   4.70   4.85
 0.450 3535.  0.745  -1.12   9.31   8.39   7.08   5.64   5.01   4.79   4.58   4.74
 0.500 3586.  0.785  -1.04   9.06   8.16   6.89   5.48   4.84   4.63   4.44   4.60
 0.550 3638.  0.818  -0.98   8.84   7.96   6.71   5.34   4.69   4.50   4.33   4.50
 0.600 3691.  0.850  -0.93   8.62   7.76   6.55   5.21   4.55   4.37   4.22   4.40
 0.700 3812.  0.914  -0.81   8.16   7.33   6.21   4.95   4.27   4.12   4.01   4.20
 0.750 3882.  0.945  -0.75   7.91   7.11   6.03   4.81   4.14   3.99   3.91   4.11
 0.800 3974.  0.968  -0.68   7.60   6.81   5.84   4.70   4.02   3.89   3.83   4.02
 0.850 4095.  0.994  -0.61   7.24   6.47   5.61   4.55   3.90   3.78   3.74   3.93
 0.900 4228.  1.025  -0.53   6.86   6.11   5.37   4.39   3.77   3.67   3.63   3.82
 0.950 4388.  1.057  -0.44   6.45   5.72   5.11   4.23   3.64   3.55   3.53   3.71
 1.000 4552.  1.093  -0.34   6.08   5.40   4.86   4.06   3.51   3.43   3.41   3.58
 1.050 4729.  1.136  -0.24   5.71   5.08   4.60   3.86   3.36   3.30   3.29   3.44
 1.100 4943.  1.188  -0.13   5.30   4.74   4.30   3.64   3.20   3.14   3.13   3.27
 1.150 5175.  1.250   0.00   4.90   4.39   3.99   3.40   3.02   2.97   2.96   3.08
 1.200 5454.  1.328   0.14   4.46   4.01   3.65   3.14   2.81   2.77   2.77   2.87
 1.300 6067.  1.587   0.48   3.51   3.17   2.88   2.50   2.27   2.24   2.26   2.32
 1.400 6677.  1.540   0.62   3.13   2.86   2.64   2.37   2.21   2.19   2.21   2.24
 1.500 6784.  1.494   0.62   3.12   2.87   2.66   2.40   2.25   2.23   2.26   2.28
--------------------------------------------------------------------------------



  log t (yr) =   7.30
--------------------------------------------------------------------------------
 m      Teff   R/Rs    log L   Mv     Mr     Mi     Mj     Mh     Mk     Ml'     Mm
--------------------------------------------------------------------------------
 0.100 3104.  0.316  -2.08  12.42  11.30   9.76   7.95   7.36   7.05   6.67   6.81
 0.150 3220.  0.393  -1.83  11.55  10.50   9.04   7.36   6.76   6.47   6.13   6.27
 0.200 3293.  0.461  -1.66  10.98   9.96   8.55   6.93   6.34   6.06   5.75   5.88
 0.250 3350.  0.519  -1.52  10.56   9.57   8.18   6.61   6.01   5.75   5.46   5.60
 0.300 3400.  0.572  -1.41  10.21   9.24   7.88   6.35   5.75   5.49   5.22   5.36
 0.390 4044.  3.231   0.39   4.54   3.78   3.08   2.11   1.47   1.37   1.32   1.49
 0.400 3490.  0.653  -1.25   9.67   8.74   7.43   5.97   5.36   5.12   4.89   5.03
 0.450 3536.  0.698  -1.17   9.42   8.50   7.21   5.79   5.17   4.94   4.72   4.87
 0.500 3583.  0.729  -1.11   9.19   8.29   7.03   5.65   5.02   4.80   4.61   4.76
 0.550 3634.  0.761  -1.05   8.97   8.08   6.86   5.51   4.87   4.67   4.49   4.65
 0.600 3686.  0.792  -0.99   8.75   7.88   6.69   5.37   4.73   4.54   4.38   4.55
 0.700 3821.  0.859  -0.86   8.25   7.42   6.32   5.08   4.41   4.25   4.15   4.33
 0.750 3901.  0.892  -0.79   7.97   7.17   6.12   4.93   4.25   4.11   4.03   4.23
 0.800 4022.  0.919  -0.71   7.59   6.80   5.88   4.78   4.11   3.99   3.93   4.12
 0.850 4175.  0.948  -0.62   7.15   6.39   5.60   4.60   3.96   3.85   3.82   4.01
 0.900 4368.  0.981  -0.51   6.66   5.92   5.30   4.41   3.81   3.72   3.69   3.88
 0.950 4568.  1.017  -0.40   6.21   5.53   5.00   4.20   3.66   3.58   3.57   3.73
 1.000 4793.  1.063  -0.28   5.75   5.15   4.68   3.97   3.49   3.43   3.41   3.57
 1.050 5058.  1.118  -0.14   5.28   4.75   4.33   3.70   3.29   3.24   3.23   3.36
 1.100 5354.  1.188   0.01   4.80   4.34   3.96   3.43   3.08   3.03   3.03   3.14
 1.150 5706.  1.277   0.18   4.30   3.90   3.57   3.12   2.83   2.79   2.81   2.89
 1.200 6065.  1.379   0.36   3.82   3.48   3.19   2.81   2.58   2.55   2.57   2.62
 1.300 6428.  1.275   0.39   3.71   3.42   3.17   2.85   2.66   2.64   2.67   2.70
 1.400 6587.  1.372   0.50   3.44   3.16   2.93   2.64   2.47   2.45   2.48   2.51
 1.500 7125.  1.506   0.71   2.88   2.67   2.49   2.28   2.17   2.15   2.18   2.20
--------------------------------------------------------------------------------



  log t (yr) =   7.40
--------------------------------------------------------------------------------
 m      Teff   R/Rs    log L   Mv     Mr     Mi     Mj     Mh     Mk     Ml'     Mm
--------------------------------------------------------------------------------
 0.100 3102.  0.291  -2.16  12.59  11.48   9.94   8.14   7.55   7.24   6.86   7.00
 0.150 3231.  0.362  -1.90  11.67  10.63   9.18   7.53   6.94   6.65   6.31   6.44
 0.200 3308.  0.424  -1.72  11.09  10.08   8.68   7.10   6.51   6.23   5.93   6.06
 0.250 3370.  0.478  -1.58  10.65   9.67   8.30   6.78   6.18   5.92   5.63   5.76
 0.300 3421.  0.525  -1.48  10.31   9.34   8.01   6.52   5.93   5.67   5.40   5.54
 0.390 4044.  3.231   0.39   4.54   3.78   3.08   2.11   1.47   1.37   1.32   1.49
 0.400 3503.  0.606  -1.31   9.77   8.84   7.55   6.13   5.53   5.29   5.05   5.19
 0.450 3540.  0.648  -1.23   9.53   8.61   7.35   5.95   5.34   5.11   4.89   5.03
 0.500 3584.  0.678  -1.17   9.31   8.41   7.17   5.81   5.19   4.97   4.77   4.91
 0.550 3634.  0.711  -1.11   9.08   8.20   6.99   5.66   5.04   4.83   4.64   4.80
 0.600 3687.  0.744  -1.04   8.86   7.98   6.81   5.51   4.88   4.68   4.52   4.68
 0.700 3843.  0.812  -0.90   8.30   7.47   6.40   5.18   4.52   4.37   4.26   4.44
 0.750 3954.  0.846  -0.81   7.94   7.14   6.16   5.01   4.34   4.20   4.13   4.32
 0.800 4122.  0.877  -0.71   7.45   6.68   5.85   4.81   4.16   4.05   4.00   4.19
 0.850 4348.  0.910  -0.58   6.87   6.13   5.48   4.58   3.98   3.89   3.86   4.04
 0.900 4585.  0.947  -0.46   6.34   5.66   5.14   4.35   3.81   3.73   3.72   3.88
 0.950 4862.  0.994  -0.31   5.80   5.21   4.76   4.07   3.61   3.55   3.54   3.68
 1.000 5186.  1.052  -0.15   5.26   4.76   4.36   3.77   3.39   3.34   3.34   3.45
 1.050 5555.  1.120   0.02   4.72   4.30   3.95   3.46   3.15   3.11   3.12   3.21
 1.100 5916.  1.174   0.17   4.29   3.93   3.62   3.21   2.96   2.93   2.94   3.01
 1.150 6079.  1.134   0.19   4.23   3.89   3.60   3.23   2.99   2.97   2.99   3.04
 1.200 6165.  1.126   0.21   4.18   3.85   3.57   3.21   2.99   2.97   2.99   3.04
 1.300 6384.  1.242   0.36   3.80   3.50   3.25   2.93   2.73   2.71   2.73   2.77
 1.400 6738.  1.386   0.54   3.31   3.05   2.84   2.57   2.42   2.40   2.43   2.46
 1.500 7203.  1.435   0.69   2.94   2.73   2.57   2.36   2.26   2.24   2.27   2.29
--------------------------------------------------------------------------------



  log t (yr) =   7.50
--------------------------------------------------------------------------------
 m      Teff   R/Rs    log L   Mv     Mr     Mi     Mj     Mh     Mk     Ml'     Mm
--------------------------------------------------------------------------------
 0.100 3092.  0.267  -2.24  12.82  11.69  10.14   8.34   7.75   7.44   7.05   7.19
 0.150 3228.  0.333  -1.97  11.85  10.80   9.36   7.71   7.12   6.83   6.49   6.62
 0.200 3310.  0.390  -1.79  11.25  10.24   8.85   7.28   6.70   6.42   6.11   6.24
 0.250 3374.  0.438  -1.66  10.81   9.83   8.48   6.96   6.38   6.11   5.82   5.95
 0.300 3426.  0.482  -1.55  10.46   9.50   8.17   6.70   6.12   5.86   5.59   5.72
 0.390 4044.  3.231   0.39   4.54   3.78   3.08   2.11   1.47   1.37   1.32   1.49
 0.400 3508.  0.562  -1.37   9.90   8.97   7.69   6.29   5.70   5.46   5.21   5.35
 0.450 3543.  0.596  -1.30   9.68   8.76   7.51   6.13   5.53   5.30   5.07   5.21
 0.500 3586.  0.633  -1.23   9.43   8.53   7.31   5.96   5.35   5.13   4.92   5.06
 0.550 3639.  0.667  -1.16   9.19   8.30   7.11   5.80   5.18   4.97   4.78   4.93
 0.600 3698.  0.699  -1.09   8.94   8.07   6.92   5.64   5.02   4.82   4.65   4.81
 0.700 3890.  0.772  -0.92   8.28   7.46   6.44   5.26   4.59   4.45   4.36   4.54
 0.750 4052.  0.811  -0.80   7.79   7.00   6.11   5.03   4.37   4.25   4.19   4.38
 0.800 4307.  0.845  -0.66   7.12   6.37   5.69   4.77   4.15   4.06   4.03   4.22
 0.850 4608.  0.879  -0.51   6.46   5.79   5.27   4.49   3.96   3.89   3.87   4.03
 0.900 4931.  0.926  -0.35   5.86   5.29   4.85   4.18   3.74   3.68   3.67   3.81
 0.950 5300.  0.981  -0.17   5.28   4.80   4.42   3.87   3.51   3.46   3.46   3.57
 1.000 5665.  1.010  -0.03   4.84   4.44   4.10   3.64   3.35   3.31   3.32   3.40
 1.050 5801.  0.988  -0.01   4.77   4.38   4.06   3.63   3.36   3.33   3.34   3.41
 1.100 5909.  0.999   0.03   4.65   4.28   3.97   3.57   3.31   3.28   3.30   3.36
 1.150 6023.  1.047   0.11   4.45   4.10   3.81   3.42   3.18   3.15   3.17   3.23
 1.200 6143.  1.108   0.19   4.23   3.90   3.62   3.26   3.03   3.01   3.03   3.08
 1.300 6458.  1.249   0.38   3.74   3.44   3.20   2.89   2.70   2.68   2.71   2.74
 1.400 6853.  1.360   0.56   3.28   3.03   2.83   2.58   2.44   2.42   2.45   2.47
 1.500 7204.  1.432   0.69   2.94   2.73   2.57   2.37   2.26   2.25   2.28   2.30
--------------------------------------------------------------------------------



  log t (yr) =   7.60
--------------------------------------------------------------------------------
 m      Teff   R/Rs    log L   Mv     Mr     Mi     Mj     Mh     Mk     Ml'     Mm
--------------------------------------------------------------------------------
 0.100 3081.  0.248  -2.31  13.02  11.89  10.32   8.51   7.92   7.61   7.21   7.36
 0.150 3225.  0.307  -2.04  12.03  10.98   9.53   7.89   7.31   7.01   6.67   6.81
 0.200 3312.  0.359  -1.86  11.41  10.40   9.01   7.46   6.87   6.60   6.29   6.42
 0.250 3372.  0.406  -1.72  10.97   9.98   8.64   7.13   6.55   6.28   5.99   6.12
 0.300 3426.  0.447  -1.61  10.61   9.65   8.33   6.87   6.28   6.03   5.76   5.89
 0.390 4044.  3.231   0.39   4.54   3.78   3.08   2.11   1.47   1.37   1.32   1.49
 0.400 3511.  0.522  -1.44  10.03   9.10   7.84   6.45   5.86   5.62   5.37   5.51
 0.450 3547.  0.556  -1.36   9.80   8.89   7.64   6.28   5.68   5.45   5.22   5.36
 0.500 3591.  0.594  -1.28   9.55   8.64   7.43   6.09   5.49   5.27   5.06   5.20
 0.550 3650.  0.630  -1.20   9.27   8.39   7.21   5.91   5.30   5.09   4.90   5.05
 0.600 3726.  0.662  -1.13   8.98   8.12   6.99   5.74   5.11   4.92   4.76   4.92
 0.700 3998.  0.741  -0.91   8.10   7.30   6.37   5.26   4.60   4.47   4.41   4.59
 0.750 4260.  0.781  -0.75   7.39   6.64   5.92   4.96   4.34   4.25   4.21   4.40
 0.800 4592.  0.816  -0.58   6.65   5.97   5.45   4.66   4.13   4.06   4.04   4.20
 0.850 4973.  0.856  -0.40   5.98   5.42   4.98   4.33   3.90   3.84   3.83   3.96
 0.900 5328.  0.886  -0.25   5.47   5.00   4.62   4.08   3.72   3.68   3.68   3.78
 0.950 5469.  0.879  -0.21   5.34   4.89   4.53   4.03   3.70   3.66   3.66   3.76
 1.000 5594.  0.898  -0.16   5.17   4.75   4.40   3.93   3.62   3.58   3.59   3.68
 1.050 5752.  0.939  -0.07   4.92   4.53   4.20   3.76   3.48   3.45   3.46   3.54
 1.100 5893.  0.990   0.02   4.68   4.31   4.00   3.59   3.33   3.30   3.32   3.38
 1.150 6033.  1.050   0.11   4.44   4.09   3.80   3.41   3.17   3.15   3.16   3.22
 1.200 6174.  1.114   0.20   4.20   3.87   3.59   3.23   3.01   2.99   3.01   3.06
 1.300 6521.  1.249   0.40   3.69   3.41   3.17   2.87   2.69   2.67   2.69   2.73
 1.400 6866.  1.354   0.56   3.28   3.04   2.83   2.59   2.45   2.43   2.46   2.48
 1.500 7209.  1.431   0.69   2.94   2.73   2.57   2.37   2.26   2.25   2.28   2.30
--------------------------------------------------------------------------------



  log t (yr) =   7.70
--------------------------------------------------------------------------------
 m      Teff   R/Rs    log L   Mv     Mr     Mi     Mj     Mh     Mk     Ml'     Mm
--------------------------------------------------------------------------------
 0.100 3067.  0.230  -2.38  13.24  12.10  10.52   8.69   8.10   7.79   7.39   7.54
 0.150 3221.  0.282  -2.12  12.22  11.17   9.72   8.08   7.50   7.21   6.86   7.00
 0.200 3313.  0.330  -1.94  11.58  10.57   9.19   7.64   7.06   6.79   6.47   6.60
 0.250 3373.  0.373  -1.80  11.13  10.15   8.81   7.32   6.74   6.47   6.18   6.31
 0.300 3426.  0.414  -1.68  10.76   9.79   8.48   7.04   6.45   6.19   5.92   6.05
 0.390 4044.  3.231   0.39   4.54   3.78   3.08   2.11   1.47   1.37   1.32   1.49
 0.400 3515.  0.487  -1.49  10.16   9.23   7.98   6.60   6.01   5.77   5.53   5.66
 0.450 3555.  0.521  -1.42   9.91   8.99   7.76   6.41   5.82   5.59   5.36   5.49
 0.500 3604.  0.557  -1.33   9.64   8.74   7.54   6.22   5.63   5.41   5.19   5.33
 0.550 3672.  0.597  -1.24   9.32   8.44   7.29   6.01   5.40   5.20   5.01   5.16
 0.600 3774.  0.632  -1.14   8.95   8.10   7.01   5.80   5.17   4.99   4.84   5.00
 0.700 4189.  0.718  -0.85   7.72   6.96   6.18   5.19   4.56   4.46   4.42   4.60
 0.750 4550.  0.753  -0.67   6.90   6.21   5.67   4.86   4.31   4.24   4.22   4.39
 0.800 4941.  0.780  -0.49   6.22   5.65   5.21   4.55   4.11   4.05   4.04   4.18
 0.850 5117.  0.779  -0.43   6.00   5.48   5.06   4.46   4.06   4.01   4.00   4.12
 0.900 5224.  0.799  -0.38   5.81   5.32   4.92   4.35   3.97   3.92   3.92   4.03
 0.950 5405.  0.842  -0.27   5.50   5.04   4.67   4.15   3.81   3.77   3.77   3.87
 1.000 5589.  0.889  -0.17   5.19   4.77   4.43   3.95   3.64   3.61   3.62   3.70
 1.050 5745.  0.937  -0.07   4.93   4.54   4.21   3.77   3.49   3.45   3.47   3.54
 1.100 5905.  0.993   0.03   4.67   4.30   3.99   3.58   3.32   3.29   3.31   3.37
 1.150 6052.  1.053   0.12   4.42   4.07   3.78   3.40   3.16   3.14   3.15   3.21
 1.200 6227.  1.119   0.22   4.15   3.82   3.55   3.20   2.99   2.97   2.99   3.03
 1.300 6545.  1.246   0.40   3.68   3.40   3.16   2.87   2.69   2.67   2.69   2.73
 1.400 6871.  1.353   0.56   3.28   3.03   2.83   2.59   2.45   2.43   2.46   2.48
 1.500 7216.  1.431   0.69   2.94   2.73   2.57   2.37   2.26   2.25   2.27   2.30
--------------------------------------------------------------------------------



  log t (yr) =   7.80
--------------------------------------------------------------------------------
 m      Teff   R/Rs    log L   Mv     Mr     Mi     Mj     Mh     Mk     Ml'     Mm
--------------------------------------------------------------------------------
 0.100 3052.  0.213  -2.46  13.47  12.32  10.72   8.87   8.28   7.97   7.56   7.72
 0.150 3217.  0.262  -2.19  12.38  11.33   9.88   8.25   7.66   7.37   7.03   7.16
 0.200 3313.  0.306  -2.00  11.73  10.72   9.34   7.81   7.23   6.95   6.64   6.76
 0.250 3377.  0.346  -1.86  11.27  10.29   8.96   7.48   6.90   6.63   6.34   6.46
 0.300 3426.  0.381  -1.75  10.92   9.96   8.65   7.22   6.64   6.38   6.10   6.23
 0.390 4044.  3.231   0.39   4.54   3.78   3.08   2.11   1.47   1.37   1.32   1.49
 0.400 3522.  0.452  -1.56  10.29   9.36   8.12   6.75   6.17   5.93   5.69   5.82
 0.450 3568.  0.488  -1.47  10.00   9.09   7.88   6.54   5.96   5.73   5.50   5.63
 0.500 3625.  0.528  -1.37   9.69   8.80   7.62   6.32   5.73   5.51   5.30   5.44
 0.550 3710.  0.571  -1.26   9.31   8.45   7.32   6.08   5.47   5.27   5.09   5.24
 0.600 3863.  0.610  -1.14   8.82   7.99   6.97   5.80   5.17   5.00   4.88   5.05
 0.700 4464.  0.690  -0.78   7.25   6.53   5.95   5.11   4.53   4.45   4.43   4.60
 0.750 4765.  0.708  -0.64   6.69   6.06   5.59   4.86   4.37   4.31   4.30   4.45
 0.800 4873.  0.718  -0.59   6.50   5.91   5.46   4.77   4.31   4.25   4.24   4.38
 0.850 5028.  0.750  -0.50   6.19   5.65   5.22   4.59   4.17   4.11   4.11   4.23
 0.900 5222.  0.796  -0.38   5.83   5.33   4.93   4.36   3.98   3.94   3.93   4.04
 0.950 5411.  0.842  -0.27   5.49   5.03   4.67   4.14   3.81   3.76   3.77   3.87
 1.000 5585.  0.890  -0.17   5.20   4.77   4.43   3.95   3.64   3.60   3.61   3.70
 1.050 5753.  0.940  -0.07   4.92   4.52   4.20   3.76   3.48   3.45   3.46   3.53
 1.100 5927.  0.996   0.03   4.64   4.28   3.97   3.57   3.31   3.28   3.30   3.36
 1.150 6083.  1.056   0.13   4.39   4.04   3.76   3.38   3.15   3.12   3.14   3.20
 1.200 6253.  1.120   0.23   4.13   3.80   3.54   3.19   2.98   2.96   2.98   3.03
 1.300 6558.  1.245   0.40   3.67   3.39   3.16   2.86   2.69   2.67   2.70   2.73
 1.400 6874.  1.354   0.56   3.28   3.03   2.83   2.58   2.44   2.43   2.46   2.48
 1.500 7223.  1.431   0.69   2.93   2.73   2.56   2.36   2.26   2.24   2.27   2.30
--------------------------------------------------------------------------------



  log t (yr) =   7.90
--------------------------------------------------------------------------------
 m      Teff   R/Rs    log L   Mv     Mr     Mi     Mj     Mh     Mk     Ml'     Mm
--------------------------------------------------------------------------------
 0.100 3033.  0.197  -2.54  13.72  12.56  10.93   9.06   8.47   8.16   7.75   7.91
 0.150 3214.  0.243  -2.25  12.55  11.49  10.04   8.41   7.83   7.54   7.19   7.32
 0.200 3311.  0.285  -2.06  11.88  10.87   9.50   7.97   7.39   7.11   6.80   6.92
 0.250 3381.  0.323  -1.92  11.40  10.42   9.09   7.63   7.05   6.78   6.49   6.62
 0.300 3429.  0.356  -1.81  11.05  10.09   8.79   7.36   6.79   6.53   6.25   6.38
 0.390 4044.  3.231   0.39   4.54   3.78   3.08   2.11   1.47   1.37   1.32   1.49
 0.400 3530.  0.424  -1.61  10.39   9.47   8.24   6.89   6.31   6.07   5.82   5.95
 0.450 3584.  0.463  -1.50  10.06   9.16   7.96   6.65   6.06   5.83   5.61   5.74
 0.500 3654.  0.504  -1.40   9.71   8.82   7.67   6.40   5.81   5.59   5.39   5.53
 0.550 3774.  0.551  -1.26   9.23   8.38   7.30   6.10   5.49   5.30   5.14   5.30
 0.600 3984.  0.595  -1.10   8.58   7.77   6.85   5.76   5.12   4.98   4.90   5.07
 0.700 4487.  0.641  -0.83   7.37   6.65   6.08   5.25   4.68   4.60   4.58   4.75
 0.750 4624.  0.668  -0.74   7.04   6.36   5.85   5.08   4.55   4.48   4.46   4.62
 0.800 4818.  0.709  -0.62   6.61   6.00   5.53   4.83   4.35   4.30   4.29   4.43
 0.850 5029.  0.751  -0.50   6.19   5.64   5.22   4.58   4.16   4.11   4.10   4.23
 0.900 5229.  0.797  -0.38   5.81   5.32   4.92   4.35   3.98   3.93   3.93   4.04
 0.950 5413.  0.844  -0.27   5.48   5.03   4.66   4.14   3.80   3.76   3.77   3.86
 1.000 5586.  0.891  -0.16   5.19   4.77   4.42   3.95   3.64   3.60   3.61   3.69
 1.050 5772.  0.942  -0.06   4.90   4.51   4.18   3.75   3.47   3.44   3.45   3.52
 1.100 5950.  0.998   0.04   4.62   4.25   3.95   3.55   3.30   3.27   3.29   3.35
 1.150 6108.  1.058   0.14   4.36   4.02   3.74   3.37   3.14   3.11   3.13   3.19
 1.200 6269.  1.121   0.24   4.11   3.79   3.53   3.19   2.98   2.95   2.98   3.02
 1.300 6567.  1.245   0.41   3.67   3.38   3.15   2.86   2.69   2.67   2.69   2.72
 1.400 6877.  1.355   0.56   3.27   3.03   2.83   2.58   2.44   2.43   2.45   2.48
 1.500 7226.  1.433   0.69   2.93   2.72   2.56   2.36   2.26   2.24   2.27   2.29
--------------------------------------------------------------------------------



  log t (yr) =   8.00
--------------------------------------------------------------------------------
 m      Teff   R/Rs    log L   Mv     Mr     Mi     Mj     Mh     Mk     Ml'     Mm
--------------------------------------------------------------------------------
 0.100 3014.  0.184  -2.61  13.95  12.78  11.12   9.23   8.63   8.32   7.90   8.08
 0.150 3208.  0.225  -2.33  12.73  11.67  10.22   8.59   8.01   7.72   7.37   7.50
 0.200 3309.  0.264  -2.13  12.04  11.03   9.66   8.14   7.56   7.29   6.97   7.09
 0.250 3384.  0.300  -1.98  11.54  10.56   9.24   7.79   7.21   6.95   6.65   6.78
 0.300 3435.  0.332  -1.87  11.17  10.21   8.92   7.51   6.94   6.68   6.40   6.53
 0.390 4044.  3.231   0.39   4.54   3.78   3.08   2.11   1.47   1.37   1.32   1.49
 0.400 3540.  0.402  -1.65  10.47   9.55   8.33   7.00   6.42   6.18   5.94   6.06
 0.450 3605.  0.442  -1.53  10.10   9.20   8.02   6.73   6.15   5.92   5.70   5.83
 0.500 3688.  0.488  -1.41   9.68   8.81   7.68   6.44   5.85   5.64   5.45   5.59
 0.550 3846.  0.537  -1.25   9.11   8.27   7.25   6.09   5.48   5.31   5.17   5.33
 0.600 4084.  0.573  -1.09   8.43   7.64   6.80   5.76   5.13   5.01   4.94   5.12
 0.700 4393.  0.630  -0.88   7.58   6.84   6.22   5.34   4.75   4.67   4.65   4.82
 0.750 4609.  0.669  -0.75   7.06   6.38   5.86   5.08   4.55   4.48   4.46   4.62
 0.800 4819.  0.710  -0.62   6.60   5.99   5.53   4.83   4.35   4.29   4.28   4.43
 0.850 5033.  0.752  -0.49   6.18   5.63   5.21   4.58   4.16   4.10   4.10   4.22
 0.900 5234.  0.798  -0.37   5.81   5.31   4.92   4.35   3.97   3.93   3.92   4.03
 0.950 5411.  0.845  -0.27   5.48   5.03   4.66   4.14   3.80   3.76   3.76   3.86
 1.000 5596.  0.893  -0.16   5.18   4.76   4.41   3.94   3.63   3.59   3.60   3.69
 1.050 5792.  0.944  -0.05   4.87   4.49   4.17   3.73   3.46   3.43   3.44   3.51
 1.100 5965.  0.999   0.05   4.60   4.24   3.94   3.54   3.30   3.27   3.28   3.34
 1.150 6124.  1.059   0.14   4.35   4.01   3.73   3.36   3.13   3.11   3.13   3.18
 1.200 6275.  1.121   0.24   4.11   3.79   3.52   3.18   2.98   2.95   2.98   3.02
 1.300 6572.  1.246   0.41   3.66   3.38   3.15   2.86   2.68   2.67   2.69   2.72
 1.400 6877.  1.357   0.56   3.27   3.02   2.82   2.58   2.44   2.42   2.45   2.47
 1.500 7221.  1.437   0.70   2.93   2.72   2.56   2.36   2.25   2.24   2.27   2.29
--------------------------------------------------------------------------------



  log t (yr) =   8.10
--------------------------------------------------------------------------------
 m      Teff   R/Rs    log L   Mv     Mr     Mi     Mj     Mh     Mk     Ml'     Mm
--------------------------------------------------------------------------------
 0.100 2991.  0.172  -2.68  14.21  13.02  11.33   9.40   8.81   8.50   8.07   8.25
 0.150 3202.  0.210  -2.39  12.89  11.82  10.37   8.74   8.16   7.87   7.52   7.65
 0.200 3308.  0.248  -2.18  12.17  11.16   9.79   8.27   7.70   7.42   7.10   7.23
 0.250 3385.  0.282  -2.04  11.66  10.68   9.37   7.92   7.35   7.08   6.79   6.91
 0.300 3440.  0.316  -1.91  11.25  10.29   9.02   7.61   7.04   6.79   6.51   6.63
 0.390 4044.  3.231   0.39   4.54   3.78   3.08   2.11   1.47   1.37   1.32   1.49
 0.400 3550.  0.385  -1.68  10.53   9.61   8.40   7.08   6.51   6.27   6.03   6.15
 0.450 3622.  0.427  -1.56  10.12   9.23   8.06   6.79   6.21   5.99   5.77   5.90
 0.500 3720.  0.475  -1.42   9.66   8.79   7.69   6.47   5.88   5.68   5.49   5.63
 0.550 3870.  0.521  -1.27   9.11   8.28   7.28   6.14   5.52   5.36   5.23   5.39
 0.600 3996.  0.551  -1.16   8.71   7.90   7.00   5.92   5.29   5.15   5.06   5.23
 0.700 4379.  0.632  -0.89   7.60   6.86   6.23   5.35   4.75   4.67   4.64   4.82
 0.750 4607.  0.670  -0.75   7.06   6.38   5.86   5.08   4.54   4.47   4.46   4.62
 0.800 4821.  0.711  -0.62   6.59   5.98   5.52   4.82   4.35   4.29   4.28   4.42
 0.850 5036.  0.753  -0.49   6.17   5.63   5.20   4.57   4.15   4.10   4.09   4.22
 0.900 5235.  0.799  -0.37   5.80   5.31   4.91   4.34   3.97   3.92   3.92   4.03
 0.950 5413.  0.846  -0.27   5.48   5.02   4.66   4.14   3.80   3.76   3.76   3.86
 1.000 5604.  0.894  -0.16   5.17   4.75   4.40   3.93   3.63   3.59   3.60   3.68
 1.050 5800.  0.945  -0.05   4.86   4.48   4.16   3.73   3.46   3.43   3.44   3.51
 1.100 5970.  1.000   0.05   4.60   4.24   3.94   3.54   3.29   3.26   3.28   3.34
 1.150 6132.  1.060   0.15   4.34   4.00   3.72   3.36   3.13   3.10   3.12   3.18
 1.200 6281.  1.123   0.24   4.10   3.78   3.52   3.18   2.97   2.95   2.97   3.01
 1.300 6574.  1.247   0.41   3.66   3.38   3.14   2.86   2.68   2.66   2.69   2.72
 1.400 6879.  1.360   0.56   3.26   3.02   2.82   2.57   2.43   2.42   2.44   2.47
 1.500 7221.  1.439   0.70   2.92   2.71   2.55   2.35   2.25   2.23   2.26   2.28
--------------------------------------------------------------------------------



  log t (yr) =   8.20
--------------------------------------------------------------------------------
 m      Teff   R/Rs    log L   Mv     Mr     Mi     Mj     Mh     Mk     Ml'     Mm
--------------------------------------------------------------------------------
 0.100 2965.  0.160  -2.76  14.49  13.28  11.55   9.58   8.98   8.68   8.24   8.43
 0.150 3193.  0.198  -2.44  13.05  11.97  10.51   8.88   8.30   8.01   7.65   7.79
 0.200 3307.  0.235  -2.23  12.28  11.27   9.90   8.39   7.82   7.54   7.22   7.35
 0.250 3386.  0.270  -2.07  11.74  10.77   9.46   8.02   7.44   7.18   6.88   7.01
 0.300 3444.  0.303  -1.94  11.32  10.37   9.10   7.70   7.14   6.88   6.60   6.72
 0.390 4044.  3.231   0.39   4.54   3.78   3.08   2.11   1.47   1.37   1.32   1.49
 0.400 3555.  0.373  -1.71  10.58   9.66   8.46   7.15   6.58   6.34   6.10   6.22
 0.450 3630.  0.417  -1.57  10.15   9.26   8.10   6.84   6.26   6.03   5.82   5.95
 0.500 3718.  0.464  -1.44   9.70   8.84   7.74   6.52   5.93   5.73   5.54   5.68
 0.550 3819.  0.508  -1.31   9.28   8.43   7.40   6.24   5.63   5.45   5.30   5.46
 0.600 3963.  0.551  -1.18   8.78   7.96   7.04   5.94   5.32   5.17   5.07   5.24
 0.700 4374.  0.634  -0.89   7.61   6.86   6.23   5.34   4.75   4.66   4.64   4.82
 0.750 4606.  0.672  -0.75   7.06   6.37   5.86   5.08   4.54   4.47   4.45   4.62
 0.800 4823.  0.712  -0.61   6.59   5.98   5.52   4.82   4.34   4.28   4.27   4.42
 0.850 5038.  0.755  -0.49   6.17   5.62   5.20   4.57   4.15   4.10   4.09   4.21
 0.900 5234.  0.800  -0.37   5.80   5.30   4.91   4.34   3.97   3.92   3.92   4.03
 0.950 5419.  0.847  -0.26   5.47   5.01   4.65   4.13   3.79   3.75   3.75   3.85
 1.000 5620.  0.895  -0.15   5.15   4.73   4.39   3.92   3.62   3.58   3.59   3.68
 1.050 5806.  0.946  -0.05   4.86   4.47   4.15   3.73   3.45   3.42   3.44   3.51
 1.100 5977.  1.001   0.05   4.59   4.23   3.93   3.54   3.29   3.26   3.28   3.34
 1.150 6133.  1.061   0.15   4.34   4.00   3.72   3.35   3.13   3.10   3.12   3.17
 1.200 6282.  1.124   0.24   4.10   3.78   3.51   3.18   2.97   2.95   2.97   3.01
 1.300 6575.  1.250   0.41   3.65   3.37   3.14   2.85   2.68   2.66   2.68   2.71
 1.400 6879.  1.362   0.57   3.26   3.01   2.82   2.57   2.43   2.41   2.44   2.47
 1.500 7218.  1.446   0.70   2.91   2.71   2.54   2.34   2.24   2.22   2.25   2.27
--------------------------------------------------------------------------------



  log t (yr) =   8.30
--------------------------------------------------------------------------------
 m      Teff   R/Rs    log L   Mv     Mr     Mi     Mj     Mh     Mk     Ml'     Mm
--------------------------------------------------------------------------------
 0.100 2937.  0.150  -2.83  14.77  13.53  11.77   9.75   9.15   8.84   8.40   8.60
 0.150 3180.  0.188  -2.49  13.21  12.13  10.65   9.00   8.42   8.13   7.77   7.91
 0.200 3304.  0.226  -2.27  12.38  11.37   9.99   8.48   7.91   7.63   7.31   7.44
 0.250 3386.  0.262  -2.10  11.80  10.82   9.52   8.08   7.51   7.24   6.95   7.07
 0.300 3447.  0.296  -1.96  11.36  10.41   9.14   7.75   7.19   6.93   6.65   6.77
 0.390 4044.  3.231   0.39   4.54   3.78   3.08   2.11   1.47   1.37   1.32   1.49
 0.400 3554.  0.367  -1.72  10.61   9.69   8.49   7.18   6.61   6.37   6.13   6.25
 0.450 3624.  0.410  -1.59  10.19   9.30   8.14   6.88   6.30   6.07   5.85   5.98
 0.500 3697.  0.458  -1.46   9.78   8.91   7.80   6.57   5.98   5.77   5.58   5.72
 0.550 3802.  0.509  -1.32   9.31   8.47   7.42   6.25   5.65   5.46   5.31   5.46
 0.600 3958.  0.553  -1.18   8.79   7.97   7.04   5.94   5.31   5.17   5.07   5.23
 0.700 4373.  0.635  -0.88   7.60   6.86   6.23   5.34   4.75   4.66   4.63   4.81
 0.750 4606.  0.673  -0.74   7.05   6.37   5.85   5.07   4.54   4.46   4.45   4.61
 0.800 4824.  0.714  -0.61   6.58   5.97   5.51   4.81   4.34   4.28   4.27   4.41
 0.850 5038.  0.756  -0.49   6.16   5.62   5.19   4.56   4.15   4.09   4.09   4.21
 0.900 5235.  0.801  -0.37   5.79   5.30   4.91   4.34   3.96   3.92   3.92   4.02
 0.950 5429.  0.849  -0.26   5.45   5.00   4.64   4.12   3.78   3.74   3.75   3.84
 1.000 5622.  0.896  -0.15   5.14   4.73   4.39   3.92   3.62   3.58   3.59   3.67
 1.050 5809.  0.947  -0.04   4.85   4.47   4.15   3.72   3.45   3.42   3.43   3.50
 1.100 5979.  1.003   0.06   4.58   4.22   3.93   3.53   3.28   3.26   3.27   3.33
 1.150 6138.  1.064   0.15   4.33   3.99   3.71   3.35   3.12   3.10   3.12   3.17
 1.200 6286.  1.127   0.24   4.09   3.77   3.51   3.17   2.96   2.94   2.96   3.01
 1.300 6575.  1.253   0.41   3.65   3.37   3.13   2.85   2.67   2.65   2.68   2.71
 1.400 6877.  1.369   0.57   3.25   3.01   2.81   2.56   2.42   2.40   2.43   2.46
 1.500 7214.  1.451   0.70   2.91   2.70   2.54   2.34   2.23   2.22   2.24   2.27
--------------------------------------------------------------------------------



  log t (yr) =   8.40
--------------------------------------------------------------------------------
 m      Teff   R/Rs    log L   Mv     Mr     Mi     Mj     Mh     Mk     Ml'     Mm
--------------------------------------------------------------------------------
 0.100 2908.  0.142  -2.90  15.04  13.78  11.98   9.91   9.30   9.00   8.54   8.75
 0.150 3171.  0.181  -2.53  13.34  12.25  10.75   9.10   8.51   8.23   7.86   8.00
 0.200 3301.  0.221  -2.29  12.44  11.42  10.05   8.54   7.96   7.69   7.36   7.49
 0.250 3385.  0.258  -2.11  11.84  10.86   9.55   8.12   7.55   7.28   6.98   7.10
 0.300 3448.  0.293  -1.97  11.38  10.43   9.16   7.78   7.21   6.95   6.67   6.80
 0.390 4044.  3.231   0.39   4.54   3.78   3.08   2.11   1.47   1.37   1.32   1.49
 0.400 3549.  0.365  -1.73  10.63   9.72   8.51   7.20   6.63   6.39   6.14   6.27
 0.450 3615.  0.410  -1.60  10.22   9.32   8.16   6.89   6.31   6.09   5.86   5.99
 0.500 3688.  0.459  -1.46   9.80   8.93   7.81   6.57   5.99   5.78   5.58   5.72
 0.550 3798.  0.510  -1.32   9.32   8.47   7.42   6.25   5.64   5.46   5.30   5.45
 0.600 3951.  0.554  -1.18   8.80   7.98   7.04   5.94   5.31   5.16   5.06   5.23
 0.700 4373.  0.636  -0.88   7.60   6.86   6.23   5.34   4.74   4.65   4.63   4.81
 0.750 4607.  0.674  -0.74   7.05   6.36   5.85   5.07   4.53   4.46   4.45   4.61
 0.800 4825.  0.714  -0.61   6.58   5.97   5.51   4.81   4.34   4.28   4.27   4.41
 0.850 5040.  0.757  -0.49   6.16   5.61   5.19   4.56   4.14   4.09   4.08   4.21
 0.900 5237.  0.803  -0.37   5.79   5.29   4.90   4.33   3.96   3.91   3.91   4.02
 0.950 5433.  0.850  -0.25   5.45   5.00   4.63   4.12   3.78   3.74   3.75   3.84
 1.000 5626.  0.897  -0.15   5.14   4.72   4.38   3.91   3.61   3.58   3.59   3.67
 1.050 5813.  0.949  -0.04   4.84   4.46   4.14   3.72   3.45   3.41   3.43   3.50
 1.100 5981.  1.005   0.06   4.57   4.22   3.92   3.53   3.28   3.25   3.27   3.33
 1.150 6139.  1.065   0.15   4.32   3.99   3.71   3.34   3.12   3.09   3.11   3.16
 1.200 6288.  1.129   0.25   4.08   3.77   3.50   3.17   2.96   2.94   2.96   3.00
 1.300 6575.  1.258   0.42   3.64   3.36   3.13   2.84   2.66   2.64   2.67   2.70
 1.400 6875.  1.373   0.57   3.24   3.00   2.80   2.55   2.41   2.40   2.42   2.45
 1.500 7204.  1.463   0.71   2.90   2.69   2.52   2.32   2.21   2.20   2.23   2.25
--------------------------------------------------------------------------------



  log t (yr) =   8.50
--------------------------------------------------------------------------------
 m      Teff   R/Rs    log L   Mv     Mr     Mi     Mj     Mh     Mk     Ml'     Mm
--------------------------------------------------------------------------------
 0.100 2881.  0.135  -2.95  15.29  14.00  12.16  10.04   9.43   9.13   8.66   8.88
 0.150 3165.  0.178  -2.55  13.40  12.31  10.81   9.14   8.56   8.27   7.90   8.05
 0.200 3300.  0.218  -2.30  12.46  11.44  10.07   8.56   7.98   7.71   7.39   7.51
 0.250 3384.  0.256  -2.12  11.85  10.87   9.56   8.13   7.56   7.29   6.99   7.12
 0.300 3448.  0.291  -1.97  11.39  10.44   9.17   7.79   7.22   6.96   6.68   6.80
 0.390 4044.  3.231   0.39   4.54   3.78   3.08   2.11   1.47   1.37   1.32   1.49
 0.400 3545.  0.366  -1.73  10.64   9.72   8.51   7.19   6.63   6.38   6.14   6.26
 0.450 3611.  0.411  -1.60  10.23   9.33   8.16   6.88   6.31   6.08   5.86   5.99
 0.500 3684.  0.461  -1.46   9.81   8.93   7.81   6.57   5.99   5.77   5.58   5.71
 0.550 3792.  0.512  -1.32   9.33   8.48   7.43   6.25   5.64   5.46   5.30   5.45
 0.600 3947.  0.555  -1.18   8.80   7.98   7.04   5.94   5.31   5.16   5.06   5.22
 0.700 4373.  0.637  -0.88   7.60   6.85   6.22   5.33   4.74   4.65   4.63   4.81
 0.750 4607.  0.675  -0.74   7.04   6.36   5.84   5.06   4.53   4.46   4.44   4.60
 0.800 4825.  0.716  -0.61   6.57   5.97   5.50   4.81   4.33   4.27   4.26   4.41
 0.850 5040.  0.758  -0.48   6.16   5.61   5.19   4.56   4.14   4.09   4.08   4.20
 0.900 5238.  0.804  -0.37   5.78   5.29   4.90   4.33   3.95   3.91   3.91   4.02
 0.950 5435.  0.851  -0.25   5.44   4.99   4.63   4.11   3.78   3.74   3.74   3.84
 1.000 5629.  0.899  -0.14   5.13   4.72   4.38   3.91   3.61   3.57   3.58   3.66
 1.050 5816.  0.950  -0.04   4.84   4.45   4.14   3.71   3.44   3.41   3.42   3.49
 1.100 5984.  1.007   0.06   4.57   4.21   3.91   3.52   3.27   3.25   3.26   3.32
 1.150 6142.  1.068   0.16   4.31   3.98   3.70   3.34   3.11   3.09   3.11   3.16
 1.200 6289.  1.132   0.25   4.07   3.76   3.49   3.16   2.95   2.93   2.95   2.99
 1.300 6574.  1.263   0.42   3.63   3.35   3.12   2.83   2.66   2.64   2.66   2.69
 1.400 6871.  1.381   0.58   3.23   2.99   2.79   2.54   2.40   2.39   2.41   2.44
 1.500 7193.  1.476   0.71   2.88   2.67   2.51   2.30   2.20   2.18   2.21   2.23
--------------------------------------------------------------------------------



  log t (yr) =   8.60
--------------------------------------------------------------------------------
 m      Teff   R/Rs    log L   Mv     Mr     Mi     Mj     Mh     Mk     Ml'     Mm
--------------------------------------------------------------------------------
 0.100 2858.  0.131  -2.99  15.48  14.17  12.30  10.13   9.52   9.22   8.74   8.97
 0.150 3163.  0.176  -2.56  13.44  12.34  10.83   9.17   8.58   8.30   7.93   8.08
 0.200 3300.  0.218  -2.30  12.47  11.45  10.08   8.57   7.99   7.72   7.39   7.52
 0.250 3384.  0.256  -2.12  11.86  10.88   9.57   8.13   7.56   7.30   7.00   7.12
 0.300 3448.  0.291  -1.97  11.39  10.44   9.17   7.79   7.22   6.96   6.68   6.81
 0.390 4044.  3.231   0.39   4.54   3.78   3.08   2.11   1.47   1.37   1.32   1.49
 0.400 3543.  0.368  -1.72  10.64   9.72   8.51   7.19   6.62   6.38   6.13   6.25
 0.450 3608.  0.412  -1.59  10.23   9.33   8.16   6.88   6.31   6.08   5.85   5.98
 0.500 3680.  0.462  -1.46   9.81   8.93   7.81   6.57   5.98   5.77   5.57   5.71
 0.550 3789.  0.512  -1.32   9.33   8.48   7.43   6.25   5.64   5.46   5.30   5.45
 0.600 3945.  0.556  -1.18   8.80   7.99   7.04   5.94   5.31   5.16   5.06   5.22
 0.700 4372.  0.638  -0.88   7.59   6.85   6.22   5.33   4.73   4.65   4.62   4.80
 0.750 4606.  0.676  -0.74   7.04   6.36   5.84   5.06   4.53   4.45   4.44   4.60
 0.800 4824.  0.717  -0.61   6.57   5.96   5.50   4.80   4.33   4.27   4.26   4.40
 0.850 5040.  0.759  -0.48   6.15   5.61   5.18   4.55   4.14   4.08   4.08   4.20
 0.900 5240.  0.805  -0.36   5.78   5.29   4.89   4.32   3.95   3.91   3.90   4.01
 0.950 5438.  0.852  -0.25   5.44   4.99   4.62   4.11   3.77   3.73   3.74   3.83
 1.000 5631.  0.901  -0.14   5.12   4.71   4.37   3.90   3.60   3.57   3.58   3.66
 1.050 5818.  0.952  -0.04   4.83   4.45   4.13   3.71   3.44   3.41   3.42   3.49
 1.100 5987.  1.009   0.06   4.56   4.20   3.91   3.51   3.27   3.24   3.26   3.32
 1.150 6145.  1.072   0.16   4.30   3.97   3.69   3.33   3.10   3.08   3.10   3.15
 1.200 6291.  1.137   0.25   4.06   3.75   3.48   3.15   2.94   2.92   2.94   2.98
 1.300 6572.  1.268   0.42   3.62   3.34   3.11   2.82   2.65   2.63   2.65   2.68
 1.400 6861.  1.393   0.58   3.22   2.98   2.77   2.53   2.39   2.37   2.40   2.42
 1.500 7175.  1.490   0.72   2.87   2.66   2.50   2.29   2.18   2.17   2.19   2.22
--------------------------------------------------------------------------------



  log t (yr) =   8.70
--------------------------------------------------------------------------------
 m      Teff   R/Rs    log L   Mv     Mr     Mi     Mj     Mh     Mk     Ml'     Mm
--------------------------------------------------------------------------------
 0.100 2840.  0.128  -3.03  15.64  14.31  12.41  10.21   9.60   9.30   8.81   9.05
 0.150 3162.  0.175  -2.57  13.45  12.35  10.84   9.18   8.59   8.30   7.94   8.08
 0.200 3300.  0.218  -2.30  12.47  11.45  10.08   8.57   7.99   7.72   7.39   7.52
 0.250 3384.  0.256  -2.12  11.86  10.88   9.57   8.13   7.56   7.30   7.00   7.12
 0.300 3448.  0.291  -1.97  11.39  10.44   9.17   7.79   7.22   6.96   6.68   6.81
 0.390 4044.  3.231   0.39   4.54   3.78   3.08   2.11   1.47   1.37   1.32   1.49
 0.400 3541.  0.370  -1.72  10.63   9.71   8.50   7.18   6.61   6.37   6.12   6.25
 0.450 3605.  0.414  -1.59  10.23   9.33   8.16   6.87   6.30   6.07   5.84   5.98
 0.500 3677.  0.463  -1.46   9.81   8.93   7.81   6.57   5.98   5.77   5.57   5.71
 0.550 3787.  0.513  -1.32   9.33   8.48   7.43   6.24   5.64   5.45   5.29   5.44
 0.600 3944.  0.557  -1.18   8.80   7.98   7.04   5.93   5.31   5.16   5.05   5.22
 0.700 4371.  0.639  -0.88   7.59   6.85   6.22   5.33   4.73   4.64   4.62   4.80
 0.750 4606.  0.677  -0.74   7.04   6.36   5.84   5.06   4.52   4.45   4.44   4.60
 0.800 4824.  0.718  -0.61   6.57   5.96   5.50   4.80   4.32   4.27   4.26   4.40
 0.850 5041.  0.760  -0.48   6.15   5.60   5.18   4.55   4.13   4.08   4.07   4.20
 0.900 5240.  0.807  -0.36   5.78   5.28   4.89   4.32   3.95   3.90   3.90   4.01
 0.950 5439.  0.854  -0.25   5.43   4.98   4.62   4.10   3.77   3.73   3.73   3.83
 1.000 5634.  0.903  -0.14   5.12   4.70   4.36   3.90   3.60   3.56   3.57   3.65
 1.050 5822.  0.955  -0.03   4.82   4.44   4.12   3.70   3.43   3.40   3.41   3.48
 1.100 5991.  1.014   0.07   4.55   4.19   3.90   3.50   3.26   3.23   3.25   3.31
 1.150 6148.  1.076   0.17   4.29   3.96   3.68   3.32   3.09   3.07   3.09   3.14
 1.200 6292.  1.142   0.26   4.05   3.74   3.47   3.14   2.93   2.91   2.93   2.97
 1.300 6567.  1.279   0.43   3.61   3.33   3.09   2.80   2.63   2.61   2.64   2.67
 1.400 6850.  1.406   0.59   3.21   2.96   2.76   2.51   2.37   2.35   2.38   2.40
 1.500 7148.  1.517   0.73   2.85   2.64   2.47   2.26   2.15   2.13   2.16   2.18
--------------------------------------------------------------------------------



  log t (yr) =   8.80
--------------------------------------------------------------------------------
 m      Teff   R/Rs    log L   Mv     Mr     Mi     Mj     Mh     Mk     Ml'     Mm
--------------------------------------------------------------------------------
 0.100 2830.  0.126  -3.04  15.72  14.38  12.47  10.25   9.64   9.34   8.84   9.09
 0.150 3161.  0.175  -2.57  13.45  12.35  10.85   9.18   8.59   8.31   7.94   8.09
 0.200 3300.  0.217  -2.30  12.47  11.45  10.08   8.57   7.99   7.72   7.39   7.52
 0.250 3384.  0.256  -2.12  11.86  10.88   9.57   8.13   7.56   7.30   7.00   7.12
 0.300 3448.  0.291  -1.97  11.39  10.44   9.17   7.79   7.22   6.96   6.68   6.80
 0.390 4044.  3.231   0.39   4.54   3.78   3.08   2.11   1.47   1.37   1.32   1.49
 0.400 3538.  0.372  -1.72  10.63   9.71   8.50   7.17   6.60   6.36   6.11   6.23
 0.450 3604.  0.415  -1.59  10.23   9.33   8.15   6.87   6.30   6.07   5.84   5.97
 0.500 3676.  0.464  -1.46   9.81   8.93   7.81   6.56   5.98   5.77   5.57   5.70
 0.550 3787.  0.514  -1.32   9.33   8.48   7.42   6.24   5.64   5.45   5.29   5.44
 0.600 3945.  0.558  -1.18   8.80   7.98   7.04   5.93   5.30   5.15   5.05   5.21
 0.700 4370.  0.640  -0.88   7.59   6.85   6.21   5.32   4.73   4.64   4.62   4.80
 0.750 4606.  0.678  -0.74   7.03   6.35   5.84   5.05   4.52   4.45   4.43   4.59
 0.800 4825.  0.719  -0.61   6.56   5.96   5.50   4.80   4.32   4.26   4.25   4.40
 0.850 5042.  0.762  -0.48   6.14   5.60   5.17   4.55   4.13   4.08   4.07   4.19
 0.900 5242.  0.808  -0.36   5.77   5.28   4.88   4.31   3.94   3.90   3.90   4.00
 0.950 5443.  0.856  -0.25   5.42   4.97   4.61   4.10   3.76   3.72   3.73   3.82
 1.000 5639.  0.905  -0.14   5.11   4.69   4.36   3.89   3.59   3.56   3.57   3.65
 1.050 5826.  0.958  -0.03   4.81   4.43   4.11   3.69   3.42   3.39   3.40   3.47
 1.100 5995.  1.018   0.07   4.54   4.18   3.88   3.49   3.25   3.22   3.24   3.30
 1.150 6150.  1.081   0.17   4.28   3.95   3.67   3.31   3.08   3.06   3.08   3.13
 1.200 6294.  1.149   0.26   4.04   3.72   3.46   3.12   2.92   2.90   2.92   2.96
 1.300 6564.  1.290   0.44   3.59   3.31   3.08   2.78   2.61   2.59   2.62   2.65
 1.400 6839.  1.424   0.59   3.19   2.94   2.74   2.49   2.34   2.33   2.35   2.38
 1.500 7112.  1.548   0.73   2.83   2.61   2.44   2.22   2.11   2.09   2.12   2.15
--------------------------------------------------------------------------------



  log t (yr) =   8.90
--------------------------------------------------------------------------------
 m      Teff   R/Rs    log L   Mv     Mr     Mi     Mj     Mh     Mk     Ml'     Mm
--------------------------------------------------------------------------------
 0.100 2826.  0.126  -3.05  15.76  14.41  12.50  10.27   9.65   9.35   8.86   9.10
 0.150 3161.  0.175  -2.57  13.45  12.35  10.85   9.18   8.59   8.31   7.94   8.09
 0.200 3300.  0.218  -2.30  12.47  11.45  10.08   8.57   7.99   7.72   7.39   7.52
 0.250 3384.  0.256  -2.12  11.86  10.88   9.57   8.13   7.56   7.30   7.00   7.12
 0.300 3448.  0.292  -1.97  11.39  10.43   9.17   7.78   7.22   6.96   6.68   6.80
 0.390 4044.  3.231   0.39   4.54   3.78   3.08   2.11   1.47   1.37   1.32   1.49
 0.400 3537.  0.373  -1.71  10.62   9.70   8.49   7.16   6.59   6.35   6.10   6.23
 0.450 3602.  0.416  -1.59  10.22   9.32   8.15   6.87   6.29   6.06   5.84   5.97
 0.500 3675.  0.464  -1.46   9.81   8.93   7.80   6.56   5.98   5.76   5.56   5.70
 0.550 3786.  0.515  -1.32   9.33   8.48   7.42   6.24   5.63   5.45   5.29   5.44
 0.600 3944.  0.559  -1.17   8.80   7.98   7.03   5.93   5.30   5.15   5.05   5.21
 0.700 4370.  0.641  -0.88   7.59   6.84   6.21   5.32   4.73   4.64   4.61   4.79
 0.750 4607.  0.679  -0.74   7.03   6.35   5.83   5.05   4.51   4.44   4.43   4.59
 0.800 4827.  0.720  -0.60   6.56   5.95   5.49   4.79   4.32   4.26   4.25   4.39
 0.850 5044.  0.763  -0.48   6.13   5.59   5.17   4.54   4.12   4.07   4.06   4.19
 0.900 5247.  0.810  -0.36   5.76   5.27   4.87   4.31   3.94   3.89   3.89   4.00
 0.950 5446.  0.858  -0.24   5.41   4.96   4.60   4.09   3.76   3.72   3.72   3.81
 1.000 5644.  0.908  -0.13   5.09   4.68   4.35   3.88   3.58   3.55   3.56   3.64
 1.050 5832.  0.962  -0.02   4.80   4.42   4.10   3.68   3.41   3.38   3.39   3.46
 1.100 5999.  1.023   0.08   4.52   4.17   3.87   3.48   3.24   3.21   3.23   3.29
 1.150 6153.  1.089   0.18   4.26   3.93   3.65   3.29   3.07   3.04   3.06   3.11
 1.200 6295.  1.159   0.27   4.02   3.70   3.44   3.11   2.90   2.88   2.90   2.94
 1.300 6561.  1.304   0.45   3.57   3.29   3.05   2.76   2.59   2.57   2.59   2.62
 1.400 6820.  1.447   0.60   3.16   2.91   2.71   2.46   2.31   2.29   2.32   2.35
 1.500 7070.  1.587   0.75   2.80   2.58   2.40   2.18   2.06   2.05   2.08   2.10
--------------------------------------------------------------------------------



  log t (yr) =   9.00
--------------------------------------------------------------------------------
 m      Teff   R/Rs    log L   Mv     Mr     Mi     Mj     Mh     Mk     Ml'     Mm
--------------------------------------------------------------------------------
 0.100 2824.  0.125  -3.05  15.77  14.43  12.51  10.27   9.66   9.36   8.86   9.11
 0.150 3161.  0.175  -2.57  13.45  12.35  10.85   9.18   8.59   8.31   7.94   8.09
 0.200 3300.  0.218  -2.30  12.47  11.45  10.08   8.57   7.99   7.72   7.39   7.52
 0.250 3384.  0.256  -2.12  11.85  10.87   9.57   8.13   7.56   7.29   7.00   7.12
 0.300 3448.  0.292  -1.97  11.38  10.43   9.17   7.78   7.21   6.96   6.68   6.80
 0.390 4044.  3.231   0.39   4.54   3.78   3.08   2.11   1.47   1.37   1.32   1.49
 0.400 3536.  0.374  -1.71  10.62   9.70   8.49   7.16   6.59   6.34   6.10   6.22
 0.450 3601.  0.417  -1.59  10.22   9.32   8.15   6.86   6.29   6.06   5.83   5.96
 0.500 3674.  0.465  -1.46   9.81   8.93   7.80   6.56   5.97   5.76   5.56   5.70
 0.550 3786.  0.516  -1.32   9.33   8.48   7.42   6.23   5.63   5.44   5.28   5.43
 0.600 3943.  0.560  -1.17   8.80   7.98   7.03   5.92   5.30   5.15   5.04   5.21
 0.700 4371.  0.643  -0.87   7.58   6.84   6.21   5.32   4.72   4.63   4.61   4.79
 0.750 4609.  0.680  -0.73   7.02   6.34   5.83   5.05   4.51   4.44   4.43   4.59
 0.800 4831.  0.722  -0.60   6.55   5.94   5.48   4.78   4.31   4.25   4.24   4.39
 0.850 5049.  0.765  -0.47   6.12   5.58   5.16   4.53   4.12   4.06   4.06   4.18
 0.900 5250.  0.812  -0.35   5.75   5.26   4.87   4.30   3.93   3.88   3.88   3.99
 0.950 5454.  0.861  -0.24   5.40   4.95   4.59   4.08   3.75   3.71   3.71   3.81
 1.000 5652.  0.912  -0.12   5.08   4.67   4.33   3.87   3.57   3.54   3.55   3.63
 1.050 5838.  0.967  -0.02   4.78   4.40   4.09   3.66   3.40   3.37   3.38   3.45
 1.100 6005.  1.030   0.09   4.50   4.15   3.85   3.46   3.22   3.19   3.21   3.27
 1.150 6159.  1.098   0.19   4.24   3.91   3.63   3.27   3.05   3.02   3.04   3.09
 1.200 6299.  1.171   0.28   3.99   3.68   3.42   3.08   2.87   2.85   2.88   2.92
 1.300 6558.  1.322   0.46   3.54   3.26   3.03   2.73   2.56   2.54   2.56   2.60
 1.400 6792.  1.481   0.62   3.13   2.88   2.67   2.41   2.27   2.25   2.27   2.30
 1.500 7015.  1.639   0.76   2.77   2.54   2.36   2.13   2.00   1.99   2.01   2.04
--------------------------------------------------------------------------------



  log t (yr) =   9.10
--------------------------------------------------------------------------------
 m      Teff   R/Rs    log L   Mv     Mr     Mi     Mj     Mh     Mk     Ml'     Mm
--------------------------------------------------------------------------------
 0.100 2824.  0.125  -3.05  15.77  14.43  12.51  10.27   9.66   9.36   8.86   9.11
 0.150 3162.  0.175  -2.57  13.45  12.35  10.85   9.18   8.59   8.31   7.94   8.09
 0.200 3300.  0.218  -2.30  12.47  11.45  10.08   8.57   7.99   7.72   7.39   7.52
 0.250 3385.  0.256  -2.12  11.85  10.87   9.56   8.13   7.56   7.29   7.00   7.12
 0.300 3448.  0.293  -1.97  11.38  10.43   9.16   7.78   7.21   6.95   6.68   6.80
 0.390 4044.  3.231   0.39   4.54   3.78   3.08   2.11   1.47   1.37   1.32   1.49
 0.400 3536.  0.375  -1.71  10.62   9.70   8.48   7.15   6.58   6.34   6.09   6.22
 0.450 3601.  0.417  -1.59  10.22   9.32   8.15   6.86   6.28   6.05   5.83   5.96
 0.500 3674.  0.466  -1.46   9.81   8.93   7.80   6.55   5.97   5.75   5.55   5.69
 0.550 3785.  0.517  -1.31   9.33   8.47   7.42   6.23   5.63   5.44   5.28   5.43
 0.600 3943.  0.561  -1.17   8.79   7.97   7.03   5.92   5.29   5.14   5.04   5.21
 0.700 4373.  0.644  -0.87   7.57   6.83   6.20   5.31   4.72   4.63   4.61   4.78
 0.750 4612.  0.682  -0.73   7.01   6.33   5.82   5.04   4.51   4.44   4.42   4.58
 0.800 4835.  0.723  -0.60   6.54   5.93   5.47   4.78   4.31   4.25   4.24   4.38
 0.850 5055.  0.767  -0.47   6.11   5.57   5.15   4.52   4.11   4.06   4.05   4.17
 0.900 5258.  0.815  -0.35   5.73   5.24   4.85   4.29   3.92   3.87   3.87   3.98
 0.950 5461.  0.865  -0.23   5.38   4.94   4.57   4.06   3.73   3.70   3.70   3.79
 1.000 5661.  0.917  -0.12   5.06   4.65   4.31   3.85   3.56   3.52   3.53   3.61
 1.050 5849.  0.974  -0.01   4.75   4.38   4.06   3.64   3.38   3.35   3.36   3.43
 1.100 6015.  1.040   0.10   4.47   4.12   3.83   3.44   3.20   3.17   3.19   3.25
 1.150 6166.  1.111   0.20   4.21   3.88   3.60   3.24   3.02   3.00   3.02   3.07
 1.200 6304.  1.187   0.29   3.96   3.65   3.38   3.05   2.85   2.82   2.85   2.89
 1.300 6551.  1.349   0.47   3.50   3.22   2.99   2.69   2.52   2.50   2.52   2.55
 1.400 6759.  1.525   0.63   3.09   2.83   2.62   2.36   2.21   2.19   2.22   2.24
 1.500 6928.  1.721   0.78   2.71   2.48   2.29   2.05   1.92   1.90   1.92   1.95
--------------------------------------------------------------------------------



  log t (yr) =   9.20
--------------------------------------------------------------------------------
 m      Teff   R/Rs    log L   Mv     Mr     Mi     Mj     Mh     Mk     Ml'     Mm
--------------------------------------------------------------------------------
 0.100 2824.  0.125  -3.05  15.77  14.43  12.51  10.27   9.66   9.36   8.86   9.11
 0.150 3162.  0.175  -2.57  13.45  12.35  10.85   9.18   8.59   8.31   7.94   8.09
 0.200 3300.  0.218  -2.30  12.47  11.45  10.08   8.57   7.99   7.72   7.39   7.52
 0.250 3385.  0.256  -2.12  11.85  10.87   9.56   8.13   7.56   7.29   6.99   7.12
 0.300 3448.  0.293  -1.97  11.38  10.42   9.16   7.77   7.20   6.95   6.67   6.79
 0.390 4044.  3.231   0.39   4.54   3.78   3.08   2.11   1.47   1.37   1.32   1.49
 0.400 3535.  0.376  -1.71  10.61   9.69   8.48   7.15   6.58   6.33   6.09   6.21
 0.450 3601.  0.418  -1.58  10.22   9.32   8.14   6.86   6.28   6.05   5.82   5.95
 0.500 3673.  0.467  -1.45   9.81   8.93   7.80   6.55   5.96   5.75   5.55   5.69
 0.550 3785.  0.518  -1.31   9.32   8.47   7.41   6.23   5.62   5.44   5.28   5.43
 0.600 3943.  0.562  -1.17   8.79   7.97   7.02   5.92   5.29   5.14   5.04   5.20
 0.700 4376.  0.645  -0.87   7.56   6.82   6.19   5.31   4.71   4.62   4.60   4.78
 0.750 4616.  0.683  -0.73   7.00   6.32   5.81   5.03   4.50   4.43   4.41   4.57
 0.800 4841.  0.725  -0.59   6.52   5.92   5.46   4.77   4.30   4.24   4.23   4.37
 0.850 5062.  0.769  -0.46   6.10   5.56   5.14   4.51   4.10   4.05   4.04   4.16
 0.900 5267.  0.818  -0.34   5.71   5.22   4.84   4.28   3.91   3.86   3.86   3.97
 0.950 5473.  0.869  -0.22   5.36   4.92   4.56   4.05   3.72   3.68   3.69   3.78
 1.000 5674.  0.923  -0.11   5.03   4.62   4.29   3.83   3.54   3.51   3.52   3.60
 1.050 5861.  0.983   0.00   4.73   4.35   4.04   3.62   3.36   3.33   3.34   3.41
 1.100 6026.  1.052   0.11   4.44   4.09   3.80   3.41   3.17   3.14   3.16   3.22
 1.150 6176.  1.126   0.21   4.17   3.84   3.57   3.21   2.99   2.96   2.98   3.03
 1.200 6310.  1.208   0.31   3.92   3.61   3.34   3.01   2.81   2.79   2.81   2.85
 1.300 6536.  1.384   0.49   3.46   3.17   2.94   2.64   2.47   2.45   2.47   2.50
 1.400 6717.  1.589   0.66   3.03   2.77   2.55   2.29   2.13   2.11   2.14   2.16
 1.500 6693.  1.881   0.80   2.68   2.42   2.20   1.93   1.77   1.75   1.77   1.80
--------------------------------------------------------------------------------



  log t (yr) =   9.30
--------------------------------------------------------------------------------
 m      Teff   R/Rs    log L   Mv     Mr     Mi     Mj     Mh     Mk     Ml'     Mm
--------------------------------------------------------------------------------
 0.100 2824.  0.125  -3.05  15.77  14.43  12.51  10.27   9.66   9.36   8.86   9.11
 0.150 3162.  0.175  -2.57  13.45  12.35  10.85   9.18   8.59   8.31   7.94   8.09
 0.200 3301.  0.218  -2.30  12.47  11.45  10.08   8.57   7.99   7.72   7.39   7.52
 0.250 3385.  0.257  -2.12  11.85  10.87   9.56   8.12   7.55   7.29   6.99   7.11
 0.300 3448.  0.294  -1.97  11.37  10.42   9.15   7.76   7.20   6.94   6.66   6.78
 0.390 4044.  3.231   0.39   4.54   3.78   3.08   2.11   1.47   1.37   1.32   1.49
 0.400 3535.  0.377  -1.71  10.61   9.69   8.47   7.14   6.57   6.33   6.08   6.21
 0.450 3601.  0.419  -1.58  10.21   9.31   8.14   6.85   6.28   6.05   5.82   5.95
 0.500 3673.  0.468  -1.45   9.80   8.92   7.79   6.55   5.96   5.75   5.55   5.68
 0.550 3785.  0.519  -1.31   9.32   8.47   7.41   6.22   5.62   5.43   5.27   5.42
 0.600 3945.  0.563  -1.17   8.78   7.96   7.02   5.91   5.28   5.13   5.03   5.20
 0.700 4380.  0.646  -0.87   7.55   6.81   6.18   5.30   4.71   4.62   4.59   4.77
 0.750 4623.  0.685  -0.72   6.99   6.31   5.80   5.02   4.49   4.42   4.41   4.57
 0.800 4848.  0.727  -0.59   6.51   5.91   5.45   4.76   4.29   4.23   4.22   4.36
 0.850 5071.  0.772  -0.46   6.07   5.54   5.12   4.50   4.09   4.04   4.03   4.15
 0.900 5278.  0.823  -0.33   5.69   5.20   4.82   4.26   3.89   3.85   3.85   3.95
 0.950 5487.  0.875  -0.21   5.33   4.89   4.53   4.03   3.70   3.66   3.67   3.76
 1.000 5690.  0.931  -0.09   5.00   4.59   4.26   3.81   3.52   3.48   3.49   3.57
 1.050 5878.  0.995   0.02   4.69   4.31   4.00   3.59   3.33   3.30   3.31   3.38
 1.100 6041.  1.068   0.13   4.39   4.05   3.75   3.37   3.13   3.11   3.13   3.18
 1.150 6189.  1.148   0.23   4.12   3.79   3.52   3.16   2.94   2.92   2.94   2.99
 1.200 6315.  1.237   0.33   3.86   3.55   3.29   2.96   2.75   2.73   2.75   2.80
 1.300 6525.  1.437   0.52   3.38   3.10   2.86   2.56   2.39   2.37   2.39   2.42
 1.400 6571.  1.704   0.68   2.98   2.70   2.47   2.18   2.01   1.99   2.01   2.04
 1.500 6394.  2.098   0.81   2.65   2.35   2.11   1.79   1.60   1.57   1.59   1.63
--------------------------------------------------------------------------------



  log t (yr) =   9.40
--------------------------------------------------------------------------------
 m      Teff   R/Rs    log L   Mv     Mr     Mi     Mj     Mh     Mk     Ml'     Mm
--------------------------------------------------------------------------------
 0.100 2824.  0.125  -3.05  15.77  14.43  12.51  10.27   9.66   9.36   8.86   9.11
 0.150 3162.  0.175  -2.57  13.45  12.35  10.84   9.18   8.59   8.31   7.94   8.09
 0.200 3301.  0.218  -2.30  12.47  11.45  10.07   8.56   7.99   7.71   7.39   7.52
 0.250 3385.  0.257  -2.11  11.84  10.86   9.55   8.12   7.55   7.28   6.99   7.11
 0.300 3448.  0.296  -1.96  11.36  10.41   9.14   7.75   7.19   6.93   6.65   6.77
 0.390 4044.  3.231   0.39   4.54   3.78   3.08   2.11   1.47   1.37   1.32   1.49
 0.400 3535.  0.377  -1.71  10.61   9.69   8.47   7.14   6.57   6.33   6.08   6.20
 0.450 3600.  0.420  -1.58  10.21   9.31   8.13   6.85   6.27   6.04   5.81   5.94
 0.500 3673.  0.469  -1.45   9.80   8.92   7.79   6.54   5.96   5.74   5.54   5.68
 0.550 3786.  0.520  -1.31   9.31   8.46   7.40   6.22   5.61   5.43   5.27   5.42
 0.600 3946.  0.564  -1.17   8.77   7.96   7.01   5.91   5.28   5.13   5.03   5.19
 0.700 4386.  0.648  -0.86   7.53   6.79   6.17   5.29   4.70   4.61   4.59   4.77
 0.750 4630.  0.687  -0.72   6.97   6.30   5.78   5.01   4.48   4.41   4.40   4.56
 0.800 4858.  0.730  -0.58   6.48   5.89   5.43   4.74   4.28   4.22   4.21   4.35
 0.850 5082.  0.777  -0.45   6.05   5.52   5.10   4.48   4.07   4.02   4.02   4.14
 0.900 5293.  0.828  -0.32   5.66   5.18   4.79   4.24   3.87   3.83   3.83   3.94
 0.950 5506.  0.883  -0.20   5.29   4.85   4.50   4.00   3.68   3.64   3.65   3.74
 1.000 5711.  0.941  -0.08   4.95   4.55   4.22   3.77   3.49   3.45   3.47   3.54
 1.050 5898.  1.010   0.04   4.63   4.26   3.96   3.55   3.29   3.26   3.27   3.34
 1.100 6059.  1.090   0.15   4.34   3.99   3.70   3.32   3.08   3.06   3.08   3.13
 1.150 6202.  1.179   0.26   4.05   3.72   3.45   3.10   2.88   2.86   2.88   2.93
 1.200 6320.  1.281   0.37   3.78   3.47   3.21   2.88   2.68   2.65   2.68   2.72
 1.300 6449.  1.518   0.55   3.32   3.02   2.78   2.47   2.28   2.26   2.28   2.32
 1.400 6291.  1.888   0.69   2.96   2.65   2.39   2.05   1.85   1.82   1.84   1.89
--------------------------------------------------------------------------------



  log t (yr) =   9.50
--------------------------------------------------------------------------------
 m      Teff   R/Rs    log L   Mv     Mr     Mi     Mj     Mh     Mk     Ml'     Mm
--------------------------------------------------------------------------------
 0.100 2824.  0.125  -3.05  15.77  14.43  12.51  10.27   9.66   9.36   8.86   9.11
 0.150 3162.  0.175  -2.57  13.45  12.35  10.84   9.18   8.59   8.31   7.94   8.09
 0.200 3301.  0.218  -2.30  12.46  11.45  10.07   8.56   7.99   7.71   7.39   7.52
 0.250 3386.  0.258  -2.11  11.83  10.85   9.55   8.11   7.54   7.28   6.98   7.10
 0.300 3447.  0.297  -1.96  11.35  10.40   9.13   7.74   7.18   6.92   6.64   6.76
 0.390 4044.  3.231   0.39   4.54   3.78   3.08   2.11   1.47   1.37   1.32   1.49
 0.400 3536.  0.378  -1.70  10.60   9.68   8.47   7.14   6.56   6.32   6.07   6.20
 0.450 3600.  0.421  -1.58  10.21   9.31   8.13   6.84   6.27   6.04   5.81   5.94
 0.500 3673.  0.470  -1.45   9.79   8.91   7.78   6.54   5.95   5.74   5.54   5.67
 0.550 3787.  0.521  -1.31   9.31   8.46   7.40   6.21   5.61   5.42   5.26   5.41
 0.600 3949.  0.565  -1.16   8.76   7.95   7.00   5.90   5.27   5.12   5.02   5.19
 0.700 4394.  0.649  -0.86   7.51   6.77   6.16   5.28   4.69   4.60   4.58   4.76
 0.750 4641.  0.689  -0.71   6.94   6.27   5.77   5.00   4.47   4.40   4.39   4.55
 0.800 4871.  0.733  -0.57   6.46   5.86   5.41   4.73   4.26   4.21   4.20   4.34
 0.850 5098.  0.782  -0.44   6.02   5.49   5.07   4.46   4.06   4.01   4.00   4.12
 0.900 5311.  0.835  -0.31   5.62   5.14   4.76   4.21   3.85   3.81   3.81   3.91
 0.950 5530.  0.893  -0.18   5.24   4.81   4.46   3.97   3.65   3.61   3.62   3.71
 1.000 5739.  0.956  -0.06   4.89   4.50   4.17   3.73   3.45   3.41   3.43   3.50
 1.050 5924.  1.033   0.07   4.56   4.20   3.89   3.49   3.23   3.20   3.22   3.28
 1.100 6081.  1.124   0.18   4.25   3.91   3.62   3.25   3.01   2.99   3.01   3.06
 1.150 6213.  1.227   0.30   3.96   3.63   3.36   3.01   2.79   2.77   2.79   2.84
 1.200 6292.  1.342   0.40   3.70   3.39   3.12   2.79   2.58   2.56   2.58   2.62
 1.300 6227.  1.662   0.57   3.29   2.96   2.70   2.35   2.14   2.11   2.13   2.18
--------------------------------------------------------------------------------



  log t (yr) =   9.60
--------------------------------------------------------------------------------
 m      Teff   R/Rs    log L   Mv     Mr     Mi     Mj     Mh     Mk     Ml'     Mm
--------------------------------------------------------------------------------
 0.100 2825.  0.125  -3.05  15.77  14.42  12.51  10.27   9.66   9.36   8.86   9.11
 0.150 3163.  0.175  -2.57  13.44  12.35  10.84   9.18   8.59   8.31   7.94   8.08
 0.200 3301.  0.218  -2.30  12.46  11.44  10.07   8.56   7.98   7.71   7.39   7.51
 0.250 3387.  0.259  -2.11  11.82  10.84   9.54   8.10   7.53   7.27   6.97   7.09
 0.300 3447.  0.299  -1.95  11.34  10.39   9.12   7.73   7.16   6.91   6.63   6.75
 0.390 4044.  3.231   0.39   4.54   3.78   3.08   2.11   1.47   1.37   1.32   1.49
 0.400 3536.  0.379  -1.70  10.60   9.68   8.46   7.13   6.56   6.32   6.07   6.19
 0.450 3601.  0.422  -1.58  10.20   9.30   8.12   6.84   6.26   6.03   5.80   5.93
 0.500 3674.  0.471  -1.45   9.79   8.91   7.78   6.53   5.94   5.73   5.53   5.67
 0.550 3789.  0.522  -1.30   9.30   8.45   7.39   6.21   5.60   5.41   5.26   5.41
 0.600 3954.  0.567  -1.16   8.75   7.93   6.99   5.89   5.26   5.11   5.01   5.18
 0.700 4405.  0.651  -0.85   7.49   6.75   6.14   5.27   4.68   4.59   4.57   4.75
 0.750 4654.  0.692  -0.70   6.91   6.25   5.75   4.98   4.46   4.39   4.38   4.54
 0.800 4888.  0.738  -0.56   6.42   5.83   5.38   4.70   4.25   4.19   4.18   4.32
 0.850 5118.  0.788  -0.42   5.97   5.45   5.04   4.43   4.03   3.98   3.98   4.09
 0.900 5336.  0.845  -0.29   5.57   5.09   4.72   4.17   3.82   3.78   3.78   3.88
 0.950 5560.  0.907  -0.16   5.18   4.75   4.40   3.92   3.61   3.57   3.58   3.66
 1.000 5773.  0.978  -0.03   4.81   4.42   4.10   3.67   3.39   3.36   3.37   3.44
 1.050 5955.  1.067   0.10   4.47   4.11   3.81   3.41   3.16   3.13   3.14   3.21
 1.100 6102.  1.175   0.23   4.14   3.80   3.51   3.14   2.91   2.89   2.91   2.96
 1.150 6182.  1.296   0.34   3.86   3.53   3.26   2.90   2.68   2.66   2.68   2.73
 1.200 6165.  1.449   0.43   3.63   3.30   3.03   2.67   2.44   2.42   2.44   2.49
--------------------------------------------------------------------------------



  log t (yr) =   9.70
--------------------------------------------------------------------------------
 m      Teff   R/Rs    log L   Mv     Mr     Mi     Mj     Mh     Mk     Ml'     Mm
--------------------------------------------------------------------------------
 0.100 2825.  0.125  -3.05  15.77  14.42  12.51  10.27   9.66   9.36   8.86   9.11
 0.150 3163.  0.175  -2.57  13.44  12.35  10.84   9.18   8.59   8.30   7.94   8.08
 0.200 3302.  0.219  -2.30  12.45  11.44  10.06   8.55   7.98   7.71   7.38   7.51
 0.250 3387.  0.260  -2.10  11.81  10.83   9.53   8.09   7.52   7.26   6.96   7.08
 0.300 3447.  0.301  -1.95  11.33  10.38   9.11   7.72   7.15   6.89   6.61   6.74
 0.390 4044.  3.231   0.39   4.54   3.78   3.08   2.11   1.47   1.37   1.32   1.49
 0.400 3536.  0.380  -1.70  10.59   9.67   8.46   7.12   6.55   6.31   6.06   6.19
 0.450 3601.  0.423  -1.58  10.19   9.29   8.12   6.83   6.25   6.02   5.80   5.93
 0.500 3675.  0.472  -1.44   9.78   8.90   7.77   6.52   5.94   5.72   5.53   5.66
 0.550 3791.  0.523  -1.30   9.29   8.44   7.38   6.20   5.59   5.40   5.25   5.40
 0.600 3958.  0.568  -1.15   8.73   7.92   6.98   5.88   5.25   5.10   5.00   5.17
 0.700 4418.  0.654  -0.84   7.45   6.72   6.12   5.25   4.66   4.58   4.56   4.74
 0.750 4670.  0.696  -0.69   6.88   6.22   5.72   4.96   4.44   4.38   4.36   4.52
 0.800 4910.  0.743  -0.55   6.37   5.79   5.35   4.67   4.22   4.17   4.16   4.29
 0.850 5143.  0.797  -0.41   5.92   5.40   4.99   4.39   4.00   3.95   3.95   4.06
 0.900 5370.  0.858  -0.27   5.49   5.03   4.66   4.12   3.78   3.74   3.74   3.84
 0.950 5600.  0.926  -0.13   5.09   4.67   4.33   3.85   3.55   3.51   3.52   3.61
 1.000 5814.  1.010   0.01   4.71   4.32   4.01   3.58   3.31   3.28   3.29   3.36
 1.050 5987.  1.120   0.15   4.33   3.98   3.68   3.29   3.04   3.02   3.03   3.09
 1.100 6070.  1.249   0.27   4.03   3.69   3.40   3.02   2.79   2.76   2.78   2.84
 1.150 6042.  1.417   0.37   3.78   3.43   3.14   2.76   2.52   2.50   2.51   2.57
--------------------------------------------------------------------------------



  log t (yr) =   9.80
--------------------------------------------------------------------------------
 m      Teff   R/Rs    log L   Mv     Mr     Mi     Mj     Mh     Mk     Ml'     Mm
--------------------------------------------------------------------------------
 0.100 2826.  0.125  -3.05  15.76  14.42  12.50  10.27   9.66   9.36   8.86   9.11
 0.150 3164.  0.175  -2.56  13.44  12.34  10.84   9.17   8.59   8.30   7.93   8.08
 0.200 3303.  0.219  -2.30  12.45  11.43  10.06   8.55   7.97   7.70   7.38   7.50
 0.250 3388.  0.262  -2.10  11.80  10.82   9.51   8.08   7.51   7.24   6.95   7.07
 0.300 3447.  0.303  -1.94  11.32  10.36   9.10   7.70   7.13   6.88   6.60   6.72
 0.390 4044.  3.231   0.39   4.54   3.78   3.08   2.11   1.47   1.37   1.32   1.49
 0.400 3537.  0.381  -1.70  10.59   9.66   8.45   7.12   6.55   6.31   6.06   6.18
 0.450 3602.  0.424  -1.57  10.19   9.29   8.11   6.82   6.25   6.02   5.79   5.92
 0.500 3676.  0.473  -1.44   9.77   8.89   7.76   6.52   5.93   5.72   5.52   5.66
 0.550 3795.  0.525  -1.30   9.27   8.42   7.37   6.19   5.58   5.39   5.24   5.39
 0.600 3966.  0.570  -1.15   8.71   7.89   6.96   5.87   5.23   5.09   5.00   5.16
 0.700 4435.  0.657  -0.83   7.41   6.68   6.09   5.23   4.65   4.57   4.55   4.72
 0.750 4691.  0.701  -0.68   6.83   6.17   5.68   4.93   4.42   4.35   4.34   4.50
 0.800 4937.  0.751  -0.53   6.31   5.74   5.30   4.64   4.19   4.14   4.13   4.26
 0.850 5176.  0.810  -0.38   5.84   5.33   4.93   4.34   3.96   3.91   3.91   4.02
 0.900 5415.  0.877  -0.23   5.40   4.94   4.58   4.06   3.72   3.68   3.68   3.78
 0.950 5655.  0.957  -0.08   4.97   4.56   4.23   3.76   3.47   3.43   3.44   3.52
 1.000 5864.  1.065   0.07   4.55   4.17   3.86   3.45   3.18   3.15   3.17   3.23
 1.050 5977.  1.210   0.22   4.18   3.82   3.52   3.13   2.88   2.85   2.87   2.93
--------------------------------------------------------------------------------



  log t (yr) =   9.90
--------------------------------------------------------------------------------
 m      Teff   R/Rs    log L   Mv     Mr     Mi     Mj     Mh     Mk     Ml'     Mm
--------------------------------------------------------------------------------
 0.100 2826.  0.125  -3.05  15.76  14.42  12.50  10.27   9.66   9.36   8.86   9.11
 0.150 3164.  0.175  -2.56  13.43  12.34  10.84   9.17   8.59   8.30   7.93   8.08
 0.200 3303.  0.220  -2.29  12.44  11.42  10.05   8.54   7.97   7.69   7.37   7.50
 0.250 3389.  0.263  -2.09  11.78  10.80   9.50   8.06   7.49   7.23   6.93   7.06
 0.300 3446.  0.305  -1.94  11.31  10.35   9.08   7.69   7.12   6.86   6.59   6.71
 0.390 4044.  3.231   0.39   4.54   3.78   3.08   2.11   1.47   1.37   1.32   1.49
 0.400 3537.  0.382  -1.69  10.58   9.66   8.44   7.11   6.54   6.30   6.05   6.18
 0.450 3603.  0.425  -1.57  10.18   9.28   8.11   6.82   6.24   6.01   5.79   5.92
 0.500 3678.  0.475  -1.44   9.76   8.88   7.75   6.51   5.92   5.71   5.51   5.65
 0.550 3799.  0.527  -1.29   9.25   8.41   7.36   6.17   5.57   5.38   5.23   5.38
 0.600 3974.  0.573  -1.14   8.68   7.87   6.94   5.85   5.22   5.07   4.98   5.15
 0.700 4458.  0.661  -0.82   7.36   6.63   6.05   5.20   4.63   4.55   4.53   4.70
 0.750 4720.  0.708  -0.66   6.76   6.12   5.63   4.89   4.39   4.33   4.31   4.47
 0.800 4974.  0.761  -0.50   6.23   5.67   5.23   4.58   4.15   4.10   4.09   4.22
 0.850 5223.  0.827  -0.35   5.74   5.24   4.85   4.27   3.90   3.85   3.85   3.96
 0.900 5475.  0.906  -0.19   5.27   4.83   4.47   3.96   3.63   3.59   3.60   3.69
 0.950 5727.  1.011  -0.01   4.78   4.39   4.06   3.61   3.33   3.30   3.31   3.38
 1.000 5868.  1.163   0.15   4.35   3.98   3.67   3.25   2.99   2.96   2.97   3.04
--------------------------------------------------------------------------------



  log t (yr) =  10.00
--------------------------------------------------------------------------------
 m      Teff   R/Rs    log L   Mv     Mr     Mi     Mj     Mh     Mk     Ml'     Mm
--------------------------------------------------------------------------------
 0.100 2827.  0.125  -3.05  15.76  14.41  12.50  10.27   9.65   9.35   8.86   9.11
 0.150 3165.  0.176  -2.56  13.43  12.33  10.83   9.17   8.58   8.30   7.93   8.08
 0.200 3304.  0.221  -2.29  12.42  11.41  10.04   8.53   7.96   7.68   7.36   7.49
 0.250 3390.  0.265  -2.09  11.77  10.79   9.48   8.05   7.48   7.21   6.92   7.04
 0.300 3446.  0.306  -1.93  11.30  10.34   9.07   7.68   7.11   6.85   6.57   6.70
 0.390 4044.  3.231   0.39   4.54   3.78   3.08   2.11   1.47   1.37   1.32   1.49
 0.400 3538.  0.383  -1.69  10.57   9.65   8.44   7.11   6.53   6.29   6.05   6.17
 0.450 3604.  0.426  -1.57  10.17   9.27   8.10   6.81   6.23   6.00   5.78   5.91
 0.500 3681.  0.477  -1.43   9.74   8.87   7.74   6.50   5.91   5.70   5.50   5.64
 0.550 3806.  0.529  -1.28   9.23   8.38   7.34   6.16   5.55   5.37   5.22   5.37
 0.600 3986.  0.576  -1.13   8.64   7.83   6.92   5.83   5.19   5.05   4.97   5.14
 0.700 4486.  0.666  -0.80   7.29   6.57   6.00   5.17   4.60   4.52   4.50   4.67
 0.750 4756.  0.717  -0.63   6.67   6.05   5.57   4.84   4.35   4.29   4.28   4.43
 0.800 5022.  0.777  -0.47   6.12   5.58   5.15   4.51   4.09   4.04   4.03   4.16
 0.850 5287.  0.854  -0.30   5.60   5.12   4.73   4.17   3.81   3.77   3.77   3.87
 0.900 5564.  0.956  -0.11   5.06   4.63   4.29   3.80   3.49   3.45   3.46   3.55
 0.950 5753.  1.113   0.08   4.55   4.16   3.84   3.39   3.11   3.08   3.09   3.17
--------------------------------------------------------------------------------
