# col1          col2       
  48.95959854   1.0E-8     
  49.01959991   1.0E-8     
  49.07979965   1.0E-8     
  49.13999939   1.0E-8     
  49.20050049   1.0E-8     
  49.26110077   2.0E-8     
  49.32180023   2.0E-8     
  49.38270187   2.0E-8     
  49.44380188   3.0E-8     
  49.50500107   3.0E-8     
  49.56629944   2.0E-8     
  49.62779999   3.0E-8     
  49.68939972   2.0E-8     
  49.75120163   2.0E-8     
  49.8132019    3.0E-8     
  49.87530136   4.0E-8     
  49.93759918   6.0E-8     
  50.0          1.0E-7     
  50.06259918   1.4E-7     
  50.12530136   1.9E-7     
  50.1882019    2.5E-7     
  50.25130081   2.8E-7     
  50.3144989    2.8E-7     
  50.37779999   3.0E-7     
  50.44139862   2.9E-7     
  50.50510025   2.7E-7     
  50.56890106   2.6E-7     
  50.63290024   1.8E-7     
  50.69710159   1.2E-7     
  50.76139832   3.1E-7     
  50.82590103   6.0E-7     
  50.8905983    8.8E-7     
  50.95539856   1.29E-6    
  51.020401     1.53E-6    
  51.08560181   1.53E-6    
  51.15090179   1.66E-6    
  51.21640015   1.76E-6    
  51.28210068   1.54E-6    
  51.34790039   1.54E-6    
  51.41389847   1.65E-6    
  51.48009872   1.46E-6    
  51.54639816   1.78E-6    
  51.61289978   2.56E-6    
  51.67959976   2.81E-6    
  51.74639893   3.13E-6    
  51.81349945   3.74E-6    
  51.88069916   3.55E-6    
  51.94810104   3.43E-6    
  52.0155983    4.21E-6    
  52.08330154   4.59E-6    
  52.15119934   5.0E-6     
  52.21929932   6.2E-6     
  52.28760147   6.62E-6    
  52.35599899   6.74E-6    
  52.42459869   7.79E-6    
  52.49340057   7.55E-6    
  52.56240082   5.93E-6    
  52.63159943   5.4E-6     
  52.70090103   4.94E-6    
  52.770401     4.17E-6    
  52.84019852   5.14E-6    
  52.91009903   5.69E-6    
  52.98009872   4.13E-6    
  53.05039978   3.42E-6    
  53.12080002   3.4E-6     
  53.19150162   2.51E-6    
  53.26229858   2.74E-6    
  53.33330154   3.72E-6    
  53.40449905   3.71E-6    
  53.47589874   3.89E-6    
  53.54750061   4.67E-6    
  53.61930084   3.99E-6    
  53.69130325   2.9E-6     
  53.76339722   3.07E-6    
  53.83580017   3.25E-6    
  53.90840149   3.26E-6    
  53.98110199   4.14E-6    
  54.05410004   4.69E-6    
  54.12720108   4.42E-6    
  54.20050049   4.8E-6     
  54.27409744   4.89E-6    
  54.34780121   3.69E-6    
  54.42179871   3.34E-6    
  54.4958992    3.82E-6    
  54.57030487   4.01E-6    
  54.64479828   6.6E-6     
  54.71960449   1.071E-5   
  54.79449463   1.193E-5   
  54.86970139   1.237E-5   
  54.94510269   1.311E-5   
  55.02060318   1.035E-5   
  55.09640503   8.09E-6    
  55.17240143   1.04E-5    
  55.24860001   1.282E-5   
  55.32499695   1.86E-5    
  55.40169525   3.165E-5   
  55.47850418   4.181E-5   
  55.5555954    4.89E-5    
  55.63280106   5.955E-5   
  55.71029663   5.866E-5   
  55.7879982    4.129E-5   
  55.86590195   2.643E-5   
  55.94410324   1.292E-5   
  56.0223999    8.3E-7     
  56.10100555   8.09E-6    
  56.17979431   3.313E-5   
  56.25880432   5.243E-5   
  56.33800507   7.518E-5   
  56.41749573   9.727E-5   
  56.49720383   9.498E-5   
  56.57710266   8.96E-5    
  56.65719604   8.652E-5   
  56.73759842   5.859E-5   
  56.81820297   3.56E-5    
  56.89899445   3.91E-5    
  56.98009491   2.942E-5   
  57.06129837   1.289E-5   
  57.14289856   2.035E-5   
  57.22460175   2.769E-5   
  57.30659866   3.167E-5   
  57.38880157   5.006E-5   
  57.4712944    5.148E-5   
  57.55400467   3.739E-5   
  57.63690186   5.15E-5    
  57.72010422   6.644E-5   
  57.80350113   5.626E-5   
  57.88709641   6.256E-5   
  57.97100067   8.77E-5    
  58.05519867   1.2209E-4  
  58.13949966   1.9412E-4  
  58.22419739   2.7256E-4  
  58.30899811   2.9714E-4  
  58.39420319   2.9164E-4  
  58.47949982   2.89E-4    
  58.56520462   2.7978E-4  
  58.65100098   2.7034E-4  
  58.73720169   2.5326E-4  
  58.82350159   2.1611E-4  
  58.9101944    1.9521E-4  
  58.99710083   2.0067E-4  
  59.08420563   1.9513E-4  
  59.17160416   1.7182E-4  
  59.25930405   1.52E-4    
  59.34719849   1.5605E-4  
  59.4353981    1.8727E-4  
  59.5237999    2.1582E-4  
  59.61249924   2.1023E-4  
  59.70149612   1.9125E-4  
  59.79069901   1.8947E-4  
  59.88019943   2.0589E-4  
  59.97000504   2.1997E-4  
  60.06010056   1.9996E-4  
  60.15039825   1.7051E-4  
  60.24099731   1.912E-4   
  60.33180237   2.2073E-4  
  60.42300034   2.1079E-4  
  60.51440048   1.9793E-4  
  60.60609818   1.8962E-4  
  60.69800186   2.0543E-4  
  60.79029846   3.2725E-4  
  60.88280487   4.906E-4   
  60.97560501   5.7578E-4  
  61.06869888   6.2308E-4  
  61.16209793   6.2355E-4  
  61.25569916   5.0343E-4  
  61.34970093   3.7095E-4  
  61.44390488   2.7725E-4  
  61.53850174   1.5112E-4  
  61.63330078   1.1638E-4  
  61.728405     1.9352E-4  
  61.82380295   1.7793E-4  
  61.91950226   1.4039E-4  
  62.01549911   2.2324E-4  
  62.11180115   2.5831E-4  
  62.20840454   2.5937E-4  
  62.30529785   3.6755E-4  
  62.40250397   3.9415E-4  
  62.5          3.4433E-4  
  62.59779739   4.1374E-4  
  62.69589615   5.062E-4   
  62.79429626   4.7943E-4  
  62.89310074   5.4699E-4  
  62.99210358   5.931E-4   
  63.09149933   4.7937E-4  
  63.19120026   5.0453E-4  
  63.29109573   5.5742E-4  
  63.39139938   3.6437E-4  
  63.49210358   2.6265E-4  
  63.5929985    3.331E-4   
  63.69430542   2.3771E-4  
  63.79589844   2.279E-4   
  63.89779663   4.2884E-4  
  64.0          4.1226E-4  
  64.1026001    3.5777E-4  
  64.20549774   5.4213E-4  
  64.30870056   5.3693E-4  
  64.41220093   4.3144E-4  
  64.51609802   5.7118E-4  
  64.62039948   5.2897E-4  
  64.72489929   3.2637E-4  
  64.82980347   4.184E-4   
  64.93509674   3.6861E-4  
  65.04060364   5.984E-5   
  65.14659882   1.6475E-4  
  65.25289917   3.8953E-4  
  65.35949707   2.8246E-4  
  65.46640015   3.8264E-4  
  65.57379913   5.9997E-4  
  65.68139648   4.1652E-4  
  65.78949738   3.7095E-4  
  65.89790344   6.0895E-4  
  66.00659943   5.2152E-4  
  66.11569977   4.6092E-4  
  66.22519684   6.4822E-4  
  66.33499908   5.1589E-4  
  66.44519806   1.9766E-4  
  66.55570221   3.2219E-4  
  66.66670227   2.4643E-4  
  66.77799988   2.263E-5   
  66.88960266   1.8038E-4  
  67.00170135   2.9204E-4  
  67.1140976    1.744E-5   
  67.22689819   1.2827E-4  
  67.34010315   3.2209E-4  
  67.45359802   2.201E-5   
  67.56759644   1.4662E-4  
  67.68190002   3.5313E-4  
  67.79660034   6.666E-5   
  67.91169739   7.8E-5     
  68.02719879   3.7214E-4  
  68.14309692   7.765E-5   
  68.25939941   1.453E-5   
  68.37609863   2.0852E-4  
  68.49310303   7.243E-5   
  68.61060333   6.566E-5   
  68.72850037   2.2404E-4  
  68.84680176   1.0943E-4  
  68.96549988   6.412E-5   
  69.08460236   5.2553E-4  
  69.20420074   4.1454E-4  
  69.32409668   2.9951E-4  
  69.44439697   7.4173E-4  
  69.56520081   5.5584E-4  
  69.68640137   2.0496E-4  
  69.80799866   5.5585E-4  
  69.93009949   3.0511E-4  
  70.05249786   8.172E-5   
  70.17539978   2.0673E-4  
  70.29879761   2.2707E-4  
  70.42250061   3.8E-5     
  70.54669952   3.237E-4   
  70.67140198   6.7768E-4  
  70.79650116   2.8141E-4  
  70.92199707   6.0039E-4  
  71.04799652   0.00117552 
  71.17440033   8.4378E-4  
  71.30120087   9.5269E-4  
  71.4285965    0.00142541 
  71.55639648   9.8406E-4  
  71.68460083   8.8049E-4  
  71.81330109   0.00137865 
  71.94239807   9.2969E-4  
  72.07209778   5.3635E-4  
  72.20220184   9.3976E-4  
  72.33270264   5.666E-4   
  72.46379852   1.3157E-4  
  72.59529877   6.2056E-4  
  72.72730255   3.3404E-4  
  72.85970306   6.65E-5    
  72.99269867   7.177E-5   
  73.12609863   1.9846E-4  
  73.26010132   1.011E-5   
  73.39450073   2.501E-5   
  73.52940369   1.0569E-4  
  73.66480255   2.172E-5   
  73.80069733   9.14E-5    
  73.93720245   1.734E-5   
  74.07409668   9.461E-5   
  74.21150208   3.5674E-4  
  74.34940338   1.9632E-4  
  74.48789978   2.2349E-4  
  74.62689972   4.2985E-4  
  74.7664032    1.9533E-4  
  74.90640259   5.676E-5   
  75.04689789   1.5203E-4  
  75.18800354   2.638E-5   
  75.32959747   1.392E-5   
  75.47170258   2.1872E-4  
  75.61440277   2.0281E-4  
  75.75759888   1.9666E-4  
  75.90129852   8.5319E-4  
  76.04560089   5.1618E-4  
  76.19049835   1.3243E-4  
  76.33589935   8.7785E-4  
  76.48179626   5.9763E-4  
  76.62830353   1.4841E-4  
  76.77539825   0.001077   
  76.92310333   0.00107757 
  77.07129669   5.0576E-4  
  77.2201004    0.00146602 
  77.36940002   0.00187287 
  77.51940155   0.0012279  
  77.66989899   0.00201758 
  77.82099915   0.00263618 
  77.97270203   0.00188691 
  78.125        0.00248817 
  78.2779007    0.00343843 
  78.43139648   0.00281022 
  78.58550262   0.00320552 
  78.74019623   0.00447173 
  78.89550018   0.00439539 
  79.05139923   0.00517591 
  79.207901     0.00716061 
  79.36509705   0.00761961 
  79.52290344   0.0083747  
  79.6812973    0.0105813  
  79.84030151   0.0114142  
  80.0          0.0122284  
  80.16030121   0.0148922  
  80.32129669   0.0165573  
  80.48290253   0.0180259  
  80.64520264   0.0219115  
  80.80809784   0.0254878  
  80.97170258   0.0281046  
  81.1359024    0.0329856  
  81.30079651   0.0391302  
  81.46640015   0.0450417  
  81.63269806   0.0518642  
  81.79959869   0.0589551  
  81.96720123   0.066848   
  82.13549805   0.0767671  
  82.30449677   0.0874425  
  82.47419739   0.10078    
  82.64459991   0.115714   
  82.81569672   0.131404   
  82.98750305   0.149148   
  83.16010284   0.167954   
  83.33329773   0.186327   
  83.50730133   0.205672   
  83.68199921   0.225335   
  83.85739899   0.242845   
  84.03359985   0.25958899 
  84.21050262   0.26947799 
  84.38819885   0.28338301 
  84.56659698   0.296556   
  84.7457962    0.31072    
  84.92569733   0.32531399 
  85.10639954   0.34153101 
  85.28780365   0.35937899 
  85.4701004    0.376443   
  85.65309906   0.39281699 
  85.8368988    0.40865001 
  86.02149963   0.420221   
  86.20690155   0.42962399 
  86.39309692   0.437686   
  86.58010101   0.44207799 
  86.76789856   0.44365403 
  86.95649719   0.44466099 
  87.14600372   0.44394699 
  87.3361969    0.44148901 
  87.52739716   0.43945301 
  87.71929932   0.43698499 
  87.91210175   0.433433   
  88.10569763   0.43101096 
  88.30020142   0.428992   
  88.49559784   0.425648   
  88.69180298   0.42288199 
  88.88890076   0.42048299 
  89.0868988    0.416628   
  89.28569794   0.41242301 
  89.48549652   0.409785   
  89.68609619   0.406396   
  89.88760376   0.40397599 
  90.09010315   0.404834   
  90.29350281   0.407556   
  90.49770355   0.41273299 
  90.70290375   0.42129299 
  90.90910339   0.429533   
  91.11620331   0.43793499 
  91.32420349   0.449141   
  91.53320312   0.46035099 
  91.74310303   0.47035199 
  91.95400238   0.48168799 
  92.16590118   0.49260899 
  92.37879944   0.50215298 
  92.59259796   0.512986   
  92.80740356   0.52349299 
  93.02330017   0.53169203 
  93.24009705   0.54063302 
  93.457901     0.549775   
  93.67680359   0.55576402 
  93.896698     0.56106794 
  94.11759949   0.56594199 
  94.33959961   0.56745201 
  94.56259918   0.56815702 
  94.78669739   0.570508   
  95.01190186   0.57161599 
  95.23809814   0.57301903 
  95.4654007    0.57577997 
  95.69380188   0.57636702 
  95.9233017    0.57573903 
  96.15380096   0.57861    
  96.38549805   0.58024597 
  96.61840057   0.57896602 
  96.85230255   0.58003801 
  97.08740234   0.58121902 
  97.32360077   0.58018398 
  97.56099701   0.58117199 
  97.79949951   0.58252603 
  98.03919983   0.581595   
  98.28009796   0.58192098 
  98.52220154   0.58216703 
  98.76540375   0.57895201 
  99.00990295   0.57516903 
  99.25559998   0.57110798 
  99.50250244   0.56364    
  99.75060272   0.55684602 
  100.0         0.55362701 
  100.25099945  0.54926902 
  100.50299835  0.54414701 
  100.7559967   0.54043102 
  101.01000214  0.53398103 
  101.26599884  0.52784401 
  101.52300262  0.52594501 
  101.78099823  0.524405   
  102.04100037  0.520724   
  102.30200195  0.51907402 
  102.56400299  0.51768798 
  102.82800293  0.51460803 
  103.09300232  0.51393098 
  103.35900116  0.51378298 
  103.6269989   0.51080197 
  103.89600372  0.50716901 
  104.16699982  0.50225598 
  104.43900299  0.49441001 
  104.71199799  0.48783499 
  104.98699951  0.482584   
  105.26300049  0.47337201 
  105.54100037  0.46371901 
  105.81999969  0.460195   
  106.10099792  0.455217   
  106.38300323  0.450775   
  106.66699982  0.45350099 
  106.95200348  0.45592001 
  107.23899841  0.45561901 
  107.52700043  0.45914099 
  107.81700134  0.45901799 
  108.10800171  0.45402899 
  108.40100098  0.45519999 
  108.69599915  0.45768601 
  108.99199677  0.45201299 
  109.29000092  0.44977799 
  109.58899689  0.450995   
  109.88999939  0.44514999 
  110.19300079  0.44295299 
  110.49700165  0.445748   
  110.8030014   0.441609   
  111.11100006  0.43860999 
  111.42099762  0.44206899 
  111.73200226  0.43767199 
  112.04499817  0.43332401 
  112.36000061  0.43609101 
  112.6760025   0.43265799 
  112.9940033   0.426907   
  113.31400299  0.42705801 
  113.63600159  0.422077   
  113.95999908  0.413699   
  114.28600311  0.41208801 
  114.61299896  0.40917501 
  114.94300079  0.401063   
  115.27400208  0.39728701 
  115.60700226  0.39353999 
  115.94200134  0.38430601 
  116.27899933  0.37917399 
  116.61799622  0.37625599 
  116.95899963  0.367713   
  117.30200195  0.361588   
  117.64700317  0.35832199 
  117.9940033   0.34884    
  118.34300232  0.340148   
  118.69400024  0.33493999 
  119.04799652  0.32430899 
  119.40299988  0.31322199 
  119.76000214  0.30562499 
  120.12000275  0.29358801 
  120.48200226  0.27990499 
  120.84600067  0.26900601 
  121.21199799  0.25519601 
  121.58100128  0.239686   
  121.9509964   0.226569   
  122.3239975   0.21142399 
  122.6989975   0.19412299 
  123.07700348  0.178874   
  123.45700073  0.16328    
  123.83899689  0.146036   
  124.22399902  0.130748   
  124.61100006  0.116502   
  125.0         0.101429   
  125.39199829  0.087673   
  125.78600311  0.0752222  
  126.18299866  0.0630799  
  126.58200073  0.052714   
  126.98400116  0.0439155  
  127.38899994  0.0355836  
  127.79599762  0.0284683  
  128.20500183  0.0227364  
  128.61700439  0.0176269  
  129.03199768  0.0135389  
  129.44999695  0.0107274  
  129.86999512  0.00872007 
  130.29299927  0.00730932 
  130.71899414  0.00653528 
  131.147995    0.00623437 
  131.57899475  0.00607881 
  132.01300049  0.00608448 
  132.44999695  0.00617388 
  132.88999939  0.00630913 
  133.33299255  0.00649564 
  133.77900696  0.00655158 
  134.22799683  0.0064134  
  134.67999268  0.00616954 
  135.13499451  0.00583824 
  135.59300232  0.00544316 
  136.05400085  0.00508928 
  136.51899719  0.00475427 
  136.98599243  0.00432618 
  137.45700073  0.00390367 
  137.9309845   0.00348306 
  138.40800476  0.00297993 
  138.88900757  0.00253829 
  139.3730011   0.0022366  
  139.86000061  0.00192585 
  140.35099792  0.00159185 
  140.84500122  0.0013164  
  141.34300232  0.00105967 
  141.84399414  8.3636E-4  
  142.34899902  6.717E-4   
  142.85699463  5.3865E-4  
  143.3690033   4.3019E-4  
  143.88499451  3.5439E-4  
  144.40400696  2.8647E-4  
  144.92799377  2.1861E-4  
  145.45500183  1.6899E-4  
  145.98500061  1.3475E-4  
  146.52000427  1.0513E-4  
  147.05900574  8.315E-5   
  147.60099792  6.48E-5    
  148.147995    4.721E-5   
  148.69900513  3.549E-5   
  149.2539978   2.9E-5     
  149.81300354  2.248E-5   
  150.37600708  1.724E-5   
  150.94299316  1.456E-5   
  151.51499939  1.193E-5   
  152.09100342  9.26E-6    
  152.67199707  7.79E-6    
  153.25700378  6.37E-6    
  153.84599304  4.84E-6    
  154.44000244  4.08E-6    
  155.03900146  3.3E-6     
  155.64199829  2.32E-6    
  156.25        1.9E-6     
  156.86300659  1.73E-6    
  157.47999573  1.35E-6    
  158.10299683  1.1E-6     
  158.72999573  9.5E-7     
  159.36300659  7.1E-7     
  160.0         5.7E-7     
  160.64300537  5.3E-7     
  161.28999329  3.9E-7     
  161.94299316  3.0E-7     
  162.602005    2.8E-7     
  163.26499939  2.2E-7     
  163.93400574  1.6E-7     
  164.60899353  1.6E-7     
  165.28900146  1.5E-7     
  165.9750061   1.0E-7     
  166.66700745  1.0E-7     
  167.36399841  1.0E-7     
  168.06700134  7.0E-8     
  168.77600098  6.0E-8     
  169.49200439  7.0E-8     
  170.21299744  8.0E-8     
  170.94000244  9.0E-8     
  171.67399597  9.0E-8     
  172.41400146  7.0E-8     
  173.16000366  6.0E-8     
  173.91299438  5.0E-8     
  174.67199707  4.0E-8     
  175.43899536  4.0E-8     
  176.21099854  3.0E-8     
  176.99099731  3.0E-8     
  177.77799988  2.0E-8     
  178.57099915  2.0E-8     
  179.37199402  2.0E-8     
  180.17999268  2.0E-8     
  180.99499512  2.0E-8     
  181.81799316  1.0E-8     
  182.647995    1.0E-8     
  183.48599243  1.0E-8     
  184.33200073  1.0E-8     
  185.18499756  1.0E-8     
  186.04699707  1.0E-8     
  186.91600037  1.0E-8     
