100
0.300
0.351
0.410
0.478
0.559
0.653
0.763
0.891
1.042
1.217
1.422
1.661
1.941
2.267
2.649
3.000
3.095
3.302
3.616
3.635
4.001
4.224
4.403
4.847
4.936
5.335
5.766
5.872
6.463
6.737
7.114
7.830
7.871
8.619
9.196
9.487
10.442
10.744
11.494
12.553
12.651
13.925
14.666
15.327
16.870
17.135
18.569
20.019
20.439
22.497
23.389
24.762
27.256
27.326
30.000
31.926
37.301
43.580
50.916
59.487
69.500
81.200
94.868
110.838
129.496
151.295
176.763
206.519
241.283
281.899
329.353
384.795
449.570
525.248
613.666
716.968
837.659
978.667
1143.411
1335.888
1560.765
1823.497
2130.456
2489.088
2908.089
3397.624
3969.565
4637.783
5418.487
6330.610
7396.277
8641.332
10095.975
11795.486
13781.085
16100.931
18811.289
21977.896
25677.556
30000.000
