Computation of isochrones : age = 3.00E+07

Metallicity : Z = 0.02 , no overshooting

 ST       L         R        Teff     Mass    Bol    BC     B-V    V-R    V-I    Mu     Mv     Mb     Mr     Mi     Mj     Mh     Mk     Ml  flag  check

 M5   7.209E-03  2.645E-01   3075.    .100  10.11  -4.21   1.98   1.93   4.18  17.61  14.31  16.29  12.38  10.13   8.19   7.53   7.17   6.82   0     0
M4.5  1.980E-02  3.771E-01   3328.    .200   9.01  -2.79   1.67   1.32   3.03  14.75  11.80  13.47  10.49   8.77   7.17   6.56   6.27   6.02   0     0
M2.5  3.515E-02  4.613E-01   3521.    .300   8.39  -1.90   1.54   1.06   2.35  13.03  10.29  11.82   9.23   7.94   6.70   6.06   5.83   5.65   0     0
M1.5  5.343E-02  5.254E-01   3667.    .400   7.93  -1.54   1.49    .97   2.05  12.16   9.47  10.95   8.50   7.42   6.33   5.67   5.47   5.31   0     0
M0.5  7.626E-02  5.805E-01   3776.    .500   7.54  -1.34   1.45    .92   1.89  11.55   8.88  10.33   7.96   6.99   6.00   5.32   5.14   5.00   0     0
 K7   1.062E-01  6.392E-01   3880.    .600   7.18  -1.17   1.41    .89   1.76  10.99   8.35   9.77   7.47   6.59   5.67   5.00   4.84   4.71   0     0
 M0   1.485E-01  7.090E-01   4004.    .700   6.82  -1.05   1.37    .86   1.67  10.46   7.87   9.24   7.01   6.20   5.34   4.67   4.52   4.40   0     0
 K5   2.186E-01  7.941E-01   4234.    .800   6.40   -.80   1.25    .77   1.45   9.57   7.20   8.45   6.43   5.75   4.97   4.35   4.23   4.12   0     0
 K3   3.847E-01  9.068E-01   4628.    .900   5.79   -.56   1.04    .64   1.16   8.29   6.35   7.39   5.71   5.18   4.44   3.87   3.77   3.68   0     0
 K1   7.948E-01  1.030E+00   5225.   1.000   5.00   -.33    .82    .47    .88   6.63   5.33   6.15   4.85   4.45   3.89   3.44   3.36   3.30   0     0
 G8   1.158E+00  1.078E+00   5616.   1.100   4.59   -.24    .71    .41    .79   5.79   4.83   5.54   4.41   4.03   3.58   3.18   3.11   3.06   0     0
 G1   1.521E+00  1.130E+00   5873.   1.200   4.29   -.20    .61    .37    .73   5.14   4.49   5.10   4.12   3.76   3.40   3.08   3.03   2.98   0     0
 F8   2.239E+00  1.256E+00   6140.   1.300   3.87   -.17    .54    .34    .68   4.60   4.04   4.58   3.71   3.36   3.02   2.72   2.67   2.63   0     0
 F4   3.375E+00  1.379E+00   6495.   1.400   3.43   -.14    .41    .27    .53   3.97   3.57   3.98   3.30   3.03   2.77   2.54   2.50   2.46   0     0
 F3   4.631E+00  1.454E+00   6850.   1.500   3.09   -.11    .36    .23    .47   3.57   3.20   3.55   2.96   2.73   2.55   2.38   2.35   2.32   0     0
 A9   6.094E+00  1.488E+00   7271.   1.600   2.79   -.10    .29    .18    .39   3.22   2.88   3.18   2.70   2.49   2.36   2.24   2.21   2.18   0     0
A7.5  7.999E+00  1.517E+00   7716.   1.700   2.49   -.11    .21    .12    .29   2.89   2.60   2.82   2.49   2.31   2.18   2.10   2.07   2.04   0     0
 A7   1.017E+01  1.547E+00   8142.   1.800   2.23   -.13    .17    .08    .22   2.62   2.36   2.53   2.28   2.15   2.01   1.94   1.91   1.88   0     0
 A3   1.271E+01  1.582E+00   8519.   1.900   1.99   -.16    .11    .04    .10   2.34   2.15   2.26   2.11   2.05   1.92   1.89   1.87   1.86   0     0
A2.5  1.567E+01  1.619E+00   8885.   2.000   1.76   -.19    .07    .02    .06   2.07   1.95   2.02   1.93   1.89   1.81   1.80   1.79   1.78   0     0
 B9   2.302E+01  1.698E+00   9569.   2.200   1.34   -.36   -.01    .00   -.02   1.65   1.70   1.69   1.70   1.72   1.73   1.74   1.75   1.75   0     0
 A0   3.829E+01  1.827E+00  10458.   2.500    .79   -.53   -.05   -.01   -.06   1.14   1.32   1.27   1.33   1.38   1.45   1.47   1.49   1.51   0     0
 B8   5.186E+01  1.917E+00  11016.   2.700    .46   -.63   -.06   -.01   -.07    .84   1.09   1.03   1.10   1.17   1.26   1.29   1.32   1.34   0     0
 B9   7.842E+01  2.056E+00  11771.   3.000    .01   -.76   -.08   -.02   -.09    .43    .77    .69    .79    .86    .99   1.03   1.07   1.09   0     0
 B8   1.435E+02  2.302E+00  12830.   3.500   -.64   -.98   -.11   -.02   -.09   -.15    .33    .23    .36    .43    .61    .66    .71    .74   0     0
 B7   2.404E+02  2.549E+00  13915.   4.000  -1.20  -1.21   -.13   -.03   -.09   -.59    .01   -.12    .04    .10    .33    .38    .47    .46   0     0
 B4   5.906E+02  3.113E+00  15761.   5.000  -2.18  -1.51   -.15   -.04   -.11  -1.41   -.66   -.81   -.62   -.55   -.30   -.23   -.13   -.16   0     0
 B3   1.244E+03  3.786E+00  17215.   6.000  -2.99  -1.74   -.17   -.05   -.13  -2.10  -1.25  -1.41  -1.20  -1.11   -.84   -.77   -.66   -.68   0     0
 B4   2.449E+03  4.829E+00  18388.   7.000  -3.72  -1.94   -.19   -.07   -.15  -2.71  -1.78  -1.96  -1.71  -1.62  -1.32  -1.24  -1.15  -1.14   0     0

L,R and M are expressed in solar units, Teff in K
Bol represents the bolometric magnitude
The colors are given in the Cousins system. We used the conversion table of Kenyon et al. (1994, AJ, 108, 251)
check = 1 means that the colors are out of the table and have been extrapolated
flag  = 1 means that the request was not successful. The data corresponds to the last entry found in our files

To save the data type Alt s
