Computation of isochrones : age = 1.00E+05

Metallicity : Z = 0.02 , no overshooting

 ST       L         R        Teff     Mass    Bol    BC     B-V    V-R    V-I    Mu     Mv     Mb     Mr     Mi     Mj     Mh     Mk     Ml  flag  check

 M5   2.384E-01  2.050E+00   2751.    .100   6.31  -6.16   2.31   2.85   5.83  16.24  12.46  14.77   9.61   6.63   4.34   3.61   3.15   2.67   0     1
 M5   6.382E-01  2.741E+00   3037.    .200   5.24  -4.43   2.01   2.04   4.37  13.01   9.67  11.68   7.63   5.30   3.32   2.65   2.28   1.91   0     1
 M5   1.189E+00  3.026E+00   3368.    .300   4.56  -2.57   1.60   1.23   2.87  10.03   7.13   8.74   5.90   4.27   2.74   2.14   1.86   1.63   0     0
 M1   2.066E+00  3.481E+00   3600.    .400   3.96  -1.66   1.51   1.00   2.16   8.33   5.62   7.13   4.63   3.47   2.33   1.68   1.46   1.30   0     0
 M0   3.139E+00  3.919E+00   3763.    .500   3.51  -1.36   1.45    .93   1.91   7.54   4.87   6.32   3.94   2.96   1.95   1.28   1.10    .95   0     0
 K7   4.568E+00  4.444E+00   3879.    .600   3.10  -1.17   1.41    .89   1.76   6.91   4.27   5.69   3.38   2.51   1.59    .92    .75    .62   0     0
K7.5  6.204E+00  4.953E+00   3964.    .700   2.77  -1.09   1.38    .87   1.70   6.46   3.86   5.24   2.99   2.16   1.27    .61    .46    .33   0     0
 M0   7.983E+00  5.434E+00   4036.    .800   2.49  -1.02   1.36    .85   1.65   6.09   3.51   4.88   2.67   1.87   1.02    .35    .21    .09   0     0
 K6   1.000E+01  5.929E+00   4088.    .900   2.25   -.96   1.34    .83   1.60   5.75   3.21   4.55   2.38   1.61    .79    .13   -.01   -.12   0     0
K6.5  1.227E+01  6.437E+00   4124.   1.000   2.03   -.92   1.32    .82   1.56   5.44   2.95   4.26   2.13   1.38    .57   -.07   -.20   -.32   0     0
K6.5  1.447E+01  6.868E+00   4161.   1.100   1.85   -.87   1.29    .80   1.52   5.18   2.72   4.02   1.92   1.20    .41   -.24   -.36   -.47   0     0
 K7   1.704E+01  7.353E+00   4189.   1.200   1.67   -.84   1.28    .79   1.50   4.94   2.51   3.79   1.72   1.01    .24   -.40   -.52   -.63   0     0
 K5   1.969E+01  7.813E+00   4216.   1.300   1.51   -.81   1.26    .78   1.47   4.72   2.32   3.59   1.55    .86    .09   -.54   -.66   -.77   0     0
 K5   2.197E+01  8.155E+00   4239.   1.400   1.40   -.79   1.25    .77   1.44   4.55   2.19   3.43   1.42    .74   -.03   -.66   -.77   -.88   0     0
 K5   2.494E+01  8.613E+00   4261.   1.500   1.26   -.77   1.23    .76   1.42   4.37   2.03   3.26   1.27    .61   -.17   -.79   -.90  -1.01   0     0
K5.5  2.801E+01  9.060E+00   4274.   1.600   1.13   -.76   1.22    .75   1.41   4.21   1.89   3.11   1.14    .48   -.29   -.91  -1.03  -1.13   0     0
K5.5  3.066E+01  9.401E+00   4290.   1.700   1.03   -.75   1.21    .75   1.39   4.08   1.78   2.99   1.04    .39   -.39  -1.00  -1.12  -1.23   0     0
K5.5  3.401E+01  9.845E+00   4304.   1.800    .92   -.74   1.20    .74   1.38   3.94   1.66   2.86    .92    .28   -.50  -1.11  -1.23  -1.33   0     0
 K6   3.709E+01  1.022E+01   4318.   1.900    .83   -.72   1.19    .73   1.36   3.81   1.55   2.74    .82    .19   -.59  -1.20  -1.31  -1.42   0     0
 K6   4.055E+01  1.063E+01   4329.   2.000    .73   -.71   1.18    .73   1.35   3.69   1.44   2.63    .72    .09   -.69  -1.30  -1.41  -1.51   0     0
 K4   4.751E+01  1.140E+01   4351.   2.200    .56   -.70   1.17    .72   1.33   3.47   1.25   2.42    .53   -.07   -.85  -1.46  -1.57  -1.68   0     0
 K4   5.800E+01  1.243E+01   4374.   2.500    .34   -.69   1.16    .71   1.32   3.23   1.03   2.18    .31   -.29  -1.07  -1.67  -1.78  -1.88   0     0
 K4   6.569E+01  1.314E+01   4390.   2.700    .21   -.68   1.15    .71   1.31   3.07    .89   2.04    .18   -.42  -1.20  -1.80  -1.91  -2.01   0     0
 K4   7.520E+01  1.388E+01   4421.   3.000    .06   -.66   1.14    .70   1.29   2.88    .72   1.86    .02   -.57  -1.34  -1.94  -2.04  -2.15   0     0
K4.5  9.340E+01  1.523E+01   4455.   3.500   -.18   -.65   1.12    .69   1.27   2.60    .47   1.60   -.22   -.80  -1.57  -2.16  -2.27  -2.37   0     0
K4.5  1.154E+02  1.678E+01   4478.   4.000   -.41   -.64   1.11    .68   1.26   2.34    .23   1.35   -.45  -1.02  -1.79  -2.38  -2.49  -2.59   0     0
 K5   1.515E+02  1.872E+01   4539.   5.000   -.70   -.61   1.09    .67   1.22   1.97   -.09   1.00   -.76  -1.31  -2.08  -2.66  -2.76  -2.86   0     0
 K3   2.269E+02  2.191E+01   4636.   6.000  -1.14   -.56   1.04    .63   1.16   1.35   -.58    .45  -1.21  -1.74  -2.48  -3.05  -3.15  -3.24   0     0
K2.5  5.900E+02  3.255E+01   4833.   7.000  -2.18   -.45    .93    .56   1.04   -.06  -1.72   -.79  -2.28  -2.76  -3.43  -3.95  -4.04  -4.12   0     0

L,R and M are expressed in solar units, Teff in K
Bol represents the bolometric magnitude
The colors are given in the Cousins system. We used the conversion table of Kenyon et al. (1994, AJ, 108, 251)
check = 1 means that the colors are out of the table and have been extrapolated
flag  = 1 means that the request was not successful. The data corresponds to the last entry found in our files

To save the data type Alt s
