Computation of isochrones : age = 3.00E+05

Metallicity : Z = 0.02 , no overshooting

 ST       L         R        Teff     Mass    Bol    BC     B-V    V-R    V-I    Mu     Mv     Mb     Mr     Mi     Mj     Mh     Mk     Ml  flag  check

 M5   1.342E-01  1.404E+00   2860.    .100   6.93  -5.48   2.19   2.53   5.26  16.01  12.41  14.60   9.88   7.15   4.98   4.28   3.85   3.42   0     1
 M5   3.574E-01  2.012E+00   3057.    .200   5.87  -4.31   1.99   1.98   4.27  13.50  10.18  12.17   8.20   5.91   3.95   3.29   2.92   2.56   0     0
 M5   8.585E-01  2.576E+00   3364.    .300   4.92  -2.59   1.61   1.24   2.88  10.41   7.51   9.12   6.27   4.62   3.09   2.49   2.21   1.98   0     0
 M1   1.709E+00  3.164E+00   3600.    .400   4.17  -1.66   1.51   1.00   2.16   8.54   5.83   7.34   4.83   3.67   2.54   1.88   1.67   1.50   0     0
 M0   2.786E+00  3.681E+00   3771.    .500   3.64  -1.34   1.45    .92   1.90   7.66   4.98   6.43   4.06   3.09   2.09   1.41   1.23   1.09   0     0
 K7   4.020E+00  4.147E+00   3893.    .600   3.24  -1.16   1.41    .89   1.75   7.03   4.40   5.81   3.51   2.64   1.73   1.06    .90    .77   0     0
K7.5  5.537E+00  4.650E+00   3979.    .700   2.89  -1.07   1.38    .86   1.69   6.56   3.97   5.35   3.10   2.28   1.40    .74    .59    .46   0     0
 K6   6.508E+00  4.844E+00   4060.    .800   2.72  -1.00   1.35    .84   1.63   6.28   3.71   5.07   2.87   2.09   1.24    .58    .44    .32   0     0
K6.5  7.573E+00  5.059E+00   4125.    .900   2.55   -.92   1.32    .82   1.56   5.96   3.47   4.78   2.65   1.91   1.10    .45    .32    .20   0     0
 K7   8.676E+00  5.273E+00   4179.   1.000   2.40   -.85   1.28    .79   1.51   5.69   3.26   4.54   2.46   1.75    .97    .33    .21    .09   0     0
 K5   8.713E+00  5.124E+00   4248.   1.100   2.40   -.78   1.24    .76   1.43   5.53   3.18   4.42   2.42   1.75    .97    .35    .23    .12   0     0
K5.5  9.726E+00  5.308E+00   4290.   1.200   2.28   -.75   1.21    .75   1.39   5.33   3.03   4.24   2.28   1.64    .86    .24    .13    .02   0     0
 K6   1.057E+01  5.434E+00   4325.   1.300   2.19   -.72   1.18    .73   1.36   5.16   2.91   4.09   2.18   1.55    .77    .16    .05   -.06   0     0
 K4   1.063E+01  5.330E+00   4379.   1.400   2.18   -.68   1.15    .71   1.31   5.06   2.87   4.02   2.16   1.55    .78    .17    .06   -.04   0     0
 K4   1.174E+01  5.526E+00   4409.   1.500   2.08   -.67   1.14    .70   1.30   4.91   2.75   3.89   2.04   1.45    .67    .08   -.03   -.14   0     0
 K4   1.284E+01  5.710E+00   4432.   1.600   1.98   -.66   1.13    .70   1.28   4.79   2.64   3.77   1.94   1.35    .58   -.01   -.12   -.23   0     0
K4.5  1.342E+01  5.752E+00   4468.   1.700   1.93   -.64   1.12    .69   1.26   4.69   2.57   3.69   1.89   1.31    .54   -.05   -.16   -.26   0     0
K4.5  1.462E+01  5.946E+00   4490.   1.800   1.84   -.63   1.11    .68   1.25   4.57   2.47   3.58   1.79   1.22    .45   -.14   -.24   -.34   0     0
K4.5  1.554E+01  6.061E+00   4515.   1.900   1.77   -.62   1.10    .67   1.24   4.47   2.39   3.49   1.72   1.16    .39   -.20   -.30   -.40   0     0
 K5   1.672E+01  6.235E+00   4533.   2.000   1.69   -.62   1.09    .67   1.23   4.37   2.31   3.40   1.64   1.08    .31   -.27   -.37   -.47   0     0
 K5   1.893E+01  6.523E+00   4573.   2.200   1.56   -.60   1.07    .66   1.21   4.18   2.15   3.23   1.50    .95    .19   -.39   -.49   -.59   0     0
 K3   2.214E+01  6.893E+00   4623.   2.500   1.39   -.57   1.05    .64   1.17   3.91   1.95   3.00   1.32    .78    .04   -.53   -.63   -.73   0     0
K3.5  2.460E+01  7.176E+00   4655.   2.700   1.27   -.54   1.02    .62   1.14   3.72   1.82   2.84   1.19    .67   -.06   -.62   -.72   -.81   0     0
 K4   2.785E+01  7.489E+00   4699.   3.000   1.14   -.51   1.00    .60   1.11   3.48   1.65   2.65   1.05    .54   -.18   -.72   -.82   -.91   0     0
 K2   3.524E+01  8.209E+00   4760.   3.500    .88   -.48    .96    .58   1.07   3.10   1.36   2.33    .78    .29   -.40   -.94  -1.03  -1.11   0     0
K2.5  4.603E+01  9.161E+00   4820.   4.000    .59   -.46    .94    .56   1.04   2.73   1.05   1.99    .49    .01   -.66  -1.18  -1.28  -1.36   0     0
 K0   1.156E+02  1.310E+01   5082.   5.000   -.41   -.37    .85    .50    .93   1.37   -.04    .81   -.54   -.97  -1.57  -2.04  -2.13  -2.19   0     0
A8.5  4.781E+02  1.235E+01   7489.   6.000  -1.95   -.10    .25    .15    .34  -1.54  -1.85  -1.60  -1.99  -2.19  -2.32  -2.42  -2.45  -2.48   0     0
B3.5  2.654E+03  5.294E+00  17900.   7.000  -3.81  -1.86   -.18   -.06   -.15  -2.85  -1.95  -2.13  -1.89  -1.80  -1.51  -1.44  -1.34  -1.34   0     0

L,R and M are expressed in solar units, Teff in K
Bol represents the bolometric magnitude
The colors are given in the Cousins system. We used the conversion table of Kenyon et al. (1994, AJ, 108, 251)
check = 1 means that the colors are out of the table and have been extrapolated
flag  = 1 means that the request was not successful. The data corresponds to the last entry found in our files

To save the data type Alt s
